chr	start	gene	snp	maf	end	gnomad
17	39699581	ERBB2	chr17:39699581:C:A	0.16625	39699581	0.13
17	39709846	ERBB2	chr17:39709846:G:C	0.000625	39709846	6e-05
17	39715294	ERBB2	chr17:39715294:C:A	0.001875	39715294	0.004
17	39715782	ERBB2	chr17:39715782:G:T	0.00125	39715782	2e-04
17	39716354	ERBB2	chr17:39716354:C:T	0.00125	39716354	3e-04
17	39717389	ERBB2	chr17:39717389:G:A	0.000625	39717389	0
17	39723332	ERBB2	chr17:39723332:A:G	0.005625	39723332	0.007
17	39723335	ERBB2	chr17:39723335:A:G	0.215625	39723335	0.25
17	39726888	ERBB2	chr17:39726888:G:A	0.00125	39726888	0.002
17	39727510	ERBB2	chr17:39727510:T:A	0.000625	39727510	5e-04
17	39727760	ERBB2	chr17:39727760:C:T	0.000625	39727760	5e-04
17	39727784	ERBB2	chr17:39727784:C:G	0.35375	39727784	0.35
17	39727923	ERBB2	chr17:39727923:C:A	0.008125	39727923	0.007
17	59863788	TUBD1	chr17:59863788:C:T	0.000625	59863788	0
17	59863805	TUBD1	chr17:59863805:G:A	0.00125	59863805	0.001
17	59878174	TUBD1	chr17:59878174:T:A	0.000625	59878174	0
17	59881014	TUBD1	chr17:59881014:T:C	0.000625	59881014	0
17	59881016	TUBD1	chr17:59881016:T:C	0.003125	59881016	0.001
17	59886165	TUBD1	chr17:59886165:C:G	0.000625	59886165	3e-04
17	59886176	TUBD1	chr17:59886176:A:G	0.429375	59886176	0.44
17	60709264	BCAS3	chr17:60709264:A:G	0.020625	60709264	0.005
17	60709320	BCAS3	chr17:60709320:A:G	0.0075	60709320	8e-04
17	60747256	BCAS3	chr17:60747256:G:A	0.0075	60747256	0.02
17	60902688	BCAS3	chr17:60902688:CA:C	0.000625	60902688	0
17	60924424	BCAS3	chr17:60924424:T:G	0.00125	60924424	1e-04
17	61368488	BCAS3	chr17:61368488:G:A	0.000625	61368488	2e-04
17	61380542	BCAS3	chr17:61380542:CT:C	0.000625	61380542	0
17	61388660	BCAS3	chr17:61388660:TC:T	0.000625	61388660	0
11	77667438	RSF1	chr11:77667438:G:A	0.000625	77667438	6e-05
11	77672092	RSF1	chr11:77672092:T:G	0.0025	77672092	0.001
11	77672223	RSF1	chr11:77672223:G:C	0.000625	77672223	6e-05
11	77675132	RSF1	chr11:77675132:T:C	0.00125	77675132	8e-04
11	77676817	RSF1	chr11:77676817:C:T	0.000625	77676817	0
11	77698669	RSF1	chr11:77698669:A:G	0.000625	77698669	6e-05
11	77701095	RSF1	chr11:77701095:G:A	0.0025	77701095	0.002
11	77701299	RSF1	chr11:77701299:C:T	0.00625	77701299	0.006
11	77701411	RSF1	chr11:77701411:T:C	0.00125	77701411	0.005
11	77701601	RSF1	chr11:77701601:G:A	0.024375	77701601	0.02
11	77701710	RSF1	chr11:77701710:C:T	0.006875	77701710	0.006
11	77701806	RSF1	chr11:77701806:A:G	0.234375	77701806	0.23
11	77702178	RSF1	chr11:77702178:T:C	0.00125	77702178	0
11	77702317	RSF1	chr11:77702317:T:G	0.000625	77702317	6e-05
11	77702436	RSF1	chr11:77702436:G:A	0.000625	77702436	5e-04
11	77725596	RSF1	chr11:77725596:G:A	0.00125	77725596	5e-04
11	77842549	RSF1	chr11:77842549:G:C	0.00125	77842549	3e-04
11	77872220	RSF1	chr11:77872220:G:A	0.100625	77872220	0.11
11	78478607	NARS2	chr11:78478607:T:C	0.029375	78478607	0.03
11	78528843	NARS2	chr11:78528843:C:G	0.000625	78528843	6e-05
11	78528891	NARS2	chr11:78528891:G:T	0.000625	78528891	7e-04
11	78568744	NARS2	chr11:78568744:T:G	0.198125	78568744	0.2
11	78571380	NARS2	chr11:78571380:G:C	0.000625	78571380	3e-04
11	78574463	NARS2	chr11:78574463:C:G	0.000625	78574463	0
8	125009172	SQLE	chr8:125009172:A:T	0.0200250312891114	125009172	0.02
8	125009277	SQLE	chr8:125009277:A:G	0.000625782227784731	125009277	0.002
8	125011573	SQLE	chr8:125011573:A:G	0.000625782227784731	125011573	6e-05
8	125018725	SQLE	chr8:125018725:A:T	0.000625782227784731	125018725	0
8	127738281	MYC	chr8:127738281:T:C	0.0025	127738281	0.002
8	127738288	MYC	chr8:127738288:A:G	0.000625	127738288	0
8	127738294	MYC	chr8:127738294:A:G	0.03125	127738294	0.04
8	127738574	MYC	chr8:127738574:G:T	0.000625	127738574	0
8	127738770	MYC	chr8:127738770:G:A	0.003125	127738770	5e-04
8	127740678	MYC	chr8:127740678:C:T	0.000625	127740678	4e-04
8	127740899	MYC	chr8:127740899:C:T	0.000625	127740899	0
