chr	start	gene	snp	maf	end	gnomad
17	39699581	ERBB2	chr17_39699581	0.0211678832116788	39699581	0.13
17	39708354	ERBB2	chr17_39708354	0.00072992700729927	39708354	0
17	39710169	ERBB2	chr17_39710169	0.00072992700729927	39710169	2e-04
17	39710170	ERBB2	chr17_39710170	0.00072992700729927	39710170	0
17	39715294	ERBB2	chr17_39715294	0.00291970802919708	39715294	0.004
17	39715487	ERBB2	chr17_39715487	0.00072992700729927	39715487	0
17	39715892	ERBB2	chr17_39715892	0.00218978102189781	39715892	6e-04
17	39723332	ERBB2	chr17_39723332	0.00072992700729927	39723332	0.007
17	39723335	ERBB2	chr17_39723335	0.227737226277372	39723335	0.25
17	39726843	ERBB2	chr17_39726843	0.00072992700729927	39726843	0
17	39726888	ERBB2	chr17_39726888	0.00364963503649635	39726888	0.002
17	39727001	ERBB2	chr17_39727001	0.00072992700729927	39727001	6e-05
17	39727308	ERBB2	chr17_39727308	0.0613138686131387	39727308	0
17	39727403	ERBB2	chr17_39727403	0.00072992700729927	39727403	0
17	39727784	ERBB2	chr17_39727784	0.332116788321168	39727784	0.35
17	39727923	ERBB2	chr17_39727923	0.00802919708029197	39727923	0.007
8	127738281	MYC	chr8_127738281	0.00218978102189781	127738281	0.002
8	127738294	MYC	chr8_127738294	0.0321167883211679	127738294	0.04
8	127738377	MYC	chr8_127738377	0.00072992700729927	127738377	0
8	127738434	MYC	chr8_127738434	0.00145985401459854	127738434	0
8	127740495	MYC	chr8_127740495	0.00072992700729927	127740495	2e-04
8	127740499	MYC	chr8_127740499	0.00072992700729927	127740499	3e-04
8	127740678	MYC	chr8_127740678	0.00145985401459854	127740678	4e-04
8	127740941	MYC	chr8_127740941	0.00072992700729927	127740941	0
17	59573785	DHX40	chr17_59573785	0.00218978102189781	59573785	0.001
17	59602556	DHX40	chr17_59602556	0.00072992700729927	59602556	0
17	59607050	DHX40	chr17_59607050	0.00072992700729927	59607050	6e-05
11	77667245	RSF1	chr11_77667245	0.00072992700729927	77667245	0
11	77667275	RSF1	chr11_77667275	0.00072992700729927	77667275	0
11	77667401	RSF1	chr11_77667401	0.00072992700729927	77667401	0
11	77672092	RSF1	chr11_77672092	0.00291970802919708	77672092	0.001
11	77675110	RSF1	chr11_77675110	0.00291970802919708	77675110	0.002
11	77675118	RSF1	chr11_77675118	0.00072992700729927	77675118	0
11	77675132	RSF1	chr11_77675132	0.00218978102189781	77675132	8e-04
11	77676911	RSF1	chr11_77676911	0.00072992700729927	77676911	0
11	77676926	RSF1	chr11_77676926	0.00072992700729927	77676926	0
11	77698558	RSF1	chr11_77698558	0.00072992700729927	77698558	0
11	77698665	RSF1	chr11_77698665	0.00072992700729927	77698665	0
11	77701187	RSF1	chr11_77701187	0.00072992700729927	77701187	0
11	77701299	RSF1	chr11_77701299	0.00875912408759124	77701299	0.006
11	77701411	RSF1	chr11_77701411	0.00364963503649635	77701411	0.005
11	77701497	RSF1	chr11_77701497	0.00072992700729927	77701497	0.001
11	77701601	RSF1	chr11_77701601	0.0240875912408759	77701601	0.02
11	77701710	RSF1	chr11_77701710	0.00875912408759124	77701710	0.006
11	77701806	RSF1	chr11_77701806	0.207299270072993	77701806	0.23
11	77701849	RSF1	chr11_77701849	0.00072992700729927	77701849	0
11	77702222	RSF1	chr11_77702222	0.00072992700729927	77702222	1e-04
11	77725596	RSF1	chr11_77725596	0.00218978102189781	77725596	5e-04
11	77725647	RSF1	chr11_77725647	0.00072992700729927	77725647	6e-05
11	77740792	RSF1	chr11_77740792	0.00072992700729927	77740792	1e-04
11	77842605	RSF1	chr11_77842605	0.00072992700729927	77842605	0
11	77872220	RSF1	chr11_77872220	0.101459854014599	77872220	0.11
8	124999668	SQLE	chr8_124999668	0.00072992700729927	124999668	0
8	125003209	SQLE	chr8_125003209	0.00072992700729927	125003209	0
8	125005539	SQLE	chr8_125005539	0.00072992700729927	125005539	2e-04
8	125009172	SQLE	chr8_125009172	0.0124087591240876	125009172	0.02
8	125009277	SQLE	chr8_125009277	0.00291970802919708	125009277	0.002
8	125018104	SQLE	chr8_125018104	0.00072992700729927	125018104	6e-05
8	125020785	SQLE	chr8_125020785	0.00072992700729927	125020785	2e-04
17	59863676	TUBD1	chr17_59863676	0.00072992700729927	59863676	0
17	59863805	TUBD1	chr17_59863805	0.00145985401459854	59863805	0.001
17	59866638	TUBD1	chr17_59866638	0.00072992700729927	59866638	6e-05
17	59866719	TUBD1	chr17_59866719	0.00072992700729927	59866719	0
17	59886176	TUBD1	chr17_59886176	0.453284671532847	59886176	0.44
17	59890965	TUBD1	chr17_59890965	0.00072992700729927	59890965	0
17	60709264	BCAS3	chr17_60709264	0.01021897810219	60709264	0.005
17	60709320	BCAS3	chr17_60709320	0.00072992700729927	60709320	8e-04
17	60747256	BCAS3	chr17_60747256	0.0291970802919708	60747256	0.02
17	60808028	BCAS3	chr17_60808028	0.00072992700729927	60808028	0
17	60910689	BCAS3	chr17_60910689	0.00072992700729927	60910689	0
17	61074982	BCAS3	chr17_61074982	0.00072992700729927	61074982	0
17	61078426	BCAS3	chr17_61078426	0.00072992700729927	61078426	0
17	61078459	BCAS3	chr17_61078459	0.00072992700729927	61078459	0
17	61368432	BCAS3	chr17_61368432	0.00072992700729927	61368432	0
17	61388630	BCAS3	chr17_61388630	0.00145985401459854	61388630	0
17	61392033	BCAS3	chr17_61392033	0.00072992700729927	61392033	1e-04
17	61392086	BCAS3	chr17_61392086	0.00072992700729927	61392086	0
8	123504665	FBXO32	chr8_123504665	0.00072992700729927	123504665	0
8	123534764	FBXO32	chr8_123534764	0.00291970802919708	123534764	7e-04
11	78443677	NARS2	chr11_78443677	0.00072992700729927	78443677	6e-05
11	78465877	NARS2	chr11_78465877	0.00072992700729927	78465877	6e-05
11	78465958	NARS2	chr11_78465958	0.00072992700729927	78465958	0.001
11	78478607	NARS2	chr11_78478607	0.0299270072992701	78478607	0.03
11	78478647	NARS2	chr11_78478647	0.00072992700729927	78478647	0
11	78478659	NARS2	chr11_78478659	0.00072992700729927	78478659	6e-05
11	78528843	NARS2	chr11_78528843	0.00072992700729927	78528843	6e-05
11	78528891	NARS2	chr11_78528891	0.00072992700729927	78528891	7e-04
11	78566271	NARS2	chr11_78566271	0.00291970802919708	78566271	0
11	78568744	NARS2	chr11_78568744	0.221897810218978	78568744	0.2
