sample	wbs_0.5_2	wbs_0.5_3	wbs_0.5_4	wbs_0.25_2	wbs_0.25_3	wbs_0.25_4	pam50	PC1	PC2	PC3	PC4	PC5
TCGA-A1-A0SD	-0.5	0	-0.25	-0.5	0	-0.25	LumA	-0.00354833	0.00772775	-0.00269817	0.0149492	0.00466866
TCGA-A1-A0SE	-0.333333333333333	0.166666666666667	0.333333333333333	-0.333333333333333	0.166666666666667	0.333333333333333	LumA	-0.0140024	0.0188122	0.00819882	0.00286308	-0.00109576
TCGA-A1-A0SF	0	0.166666666666667	0.166666666666667	-0.333333333333333	-0.166666666666667	-0.166666666666667	LumA	-0.00328241	0.0076302	-0.0119428	0.0228044	0.00600076
TCGA-A1-A0SG	0	0	0	0	0	0	LumA	-0.00675108	0.0108433	-0.00881704	0.023236	0.00388019
TCGA-A1-A0SH	0.25	-0.0416666666666667	-0.208333333333333	0.25	-0.0416666666666667	-0.208333333333333	LumA	-0.00953554	0.0142113	0.00413378	0.00570965	-0.00094288
TCGA-A1-A0SI	0	0.333333333333333	0	0	0.333333333333333	0	Her2	-0.00410178	0.00914367	-0.0102697	0.022409	0.00372728
TCGA-A1-A0SM	-0.333333333333333	-0.166666666666667	-0.166666666666667	-0.5	-0.333333333333333	-0.333333333333333	Her2	-0.00626937	0.0100882	-0.000435647	0.0132983	0.000550226
TCGA-A1-A0SN	0.166666666666667	0	-0.833333333333333	0.666666666666667	0.5	-0.333333333333333	LumB	-0.00311896	0.00734923	-0.010285	0.0210845	0.00288942
TCGA-A1-A0SO	0	-0.166666666666667	-0.166666666666667	0	-0.166666666666667	-0.166666666666667	Basal	-0.0123696	0.0171103	0.00651257	0.00510165	-0.00120104
TCGA-A1-A0SP	-1.08333333333333	-0.333333333333333	-0.666666666666667	-1.08333333333333	-0.333333333333333	-0.666666666666667	Basal	-0.0124571	0.0175816	0.00747766	0.00304759	-0.00107154
TCGA-A1-A0SQ	-0.05	0.5	0.3	-0.2	0.35	0.15	LumA	-0.00290519	0.00832094	-0.000148522	0.0118813	0.00182372
TCGA-A2-A04N	-0.333333333333333	-0.333333333333333	-0.833333333333333	0	0	-0.5	LumA	-0.00408386	0.00660563	-0.00288043	0.0140338	0.00226229
TCGA-A2-A04Q	0.5	0.266666666666667	-0.3	0.333333333333333	0.1	-0.466666666666667	Basal	-0.00798016	0.0127961	0.00228294	0.00662282	-0.000398846
TCGA-A2-A04T	0	0	0	0	0	0	Basal	-0.0150297	0.0257613	0.0153991	0.00982865	0.00398325
TCGA-A2-A04U	-0.166666666666667	-0.166666666666667	-0.666666666666667	-0.166666666666667	-0.166666666666667	-0.666666666666667	Basal	-0.00505048	0.00803789	-0.00186784	0.0141488	0.00125872
TCGA-A2-A04V	0.233333333333333	0.366666666666667	0.2	0.333333333333333	0.466666666666667	0.3	LumB	-0.00748057	0.0133673	0.00336785	0.00614829	0.000374045
TCGA-A2-A04W	-0.291666666666667	0	0.458333333333333	-0.583333333333333	-0.291666666666667	0.166666666666667	Her2	-0.00823072	0.0122849	0.000952106	0.0148943	0.00227103
TCGA-A2-A04Y	-0.9	-0.25	-0.65	-0.85	-0.2	-0.6	LumB	-0.00749232	0.0124857	0.00293416	0.00919291	0.000847483
TCGA-A2-A0CK	0.0833333333333333	-0.458333333333333	-0.166666666666667	0.0416666666666667	-0.5	-0.208333333333333	LumA	-0.011877	-0.0168749	0.00264559	0.00564802	-0.00649173
TCGA-A2-A0CO	-0.166666666666667	-0.333333333333333	-0.833333333333333	-0.166666666666667	-0.333333333333333	-0.833333333333333	LumA	-0.0134446	-0.016868	0.00309902	0.00640306	-0.0080461
TCGA-A2-A0CP	-0.333333333333333	0	-0.5	-0.166666666666667	0.166666666666667	-0.333333333333333	LumA	-0.00813356	0.0128137	0.0039531	0.00672882	0.00318751
TCGA-A2-A0CS	-0.333333333333333	-0.166666666666667	-0.5	-0.166666666666667	0	-0.333333333333333	LumA	-0.00208719	0.00493437	-0.00520063	0.0129047	0.00137106
TCGA-A2-A0CT	-0.291666666666667	-0.0416666666666667	-0.541666666666667	-0.25	0	-0.5	LumB	-0.00876746	0.0216125	0.0353469	-0.0120141	-0.00323844
TCGA-A2-A0CU	0	0	0	0	0	0	LumB	-0.00932452	0.0190512	0.00757322	0.012897	0.00401169
TCGA-A2-A0CW	0	-0.25	-0.25	0.25	0	0	LumB	-0.00236462	0.00566782	-0.00418735	0.0188451	0.00232848
TCGA-A2-A0CX	0	0	0	0	0	0	Her2	-0.00765302	0.0193069	0.031888	-0.0103069	-0.00389436
TCGA-A2-A0D1	-0.166666666666667	-0.333333333333333	-0.666666666666667	0.166666666666667	0	-0.333333333333333	Her2	-0.00879549	0.0166882	0.00434837	0.0198394	0.00804581
TCGA-A2-A0D2	0	-0.125	-0.375	0.166666666666667	0.0416666666666667	-0.208333333333333	Basal	-0.0100641	0.0180798	0.00594019	0.0220812	0.00625531
TCGA-A2-A0D3	0	0	0	0	0	0	LumA	-0.00442494	0.00781517	-0.00196008	0.0141665	0.00362213
TCGA-A2-A0EM	0.25	-0.5	-1	0.75	0	-0.5	LumA	-0.00985024	0.020657	0.00931032	0.014195	0.00502338
TCGA-A2-A0EN	-0.333333333333333	0	-0.666666666666667	0.166666666666667	0.5	-0.166666666666667	LumA	-0.009869	0.0134494	-0.00322072	0.0162475	0.00192888
TCGA-A2-A0EO	-0.125	0.291666666666667	-0.208333333333333	-0.25	0.166666666666667	-0.333333333333333	LumA	-0.00476675	0.0129808	0.000545068	0.0199784	0.0058354
TCGA-A2-A0EP	0.0833333333333333	-0.166666666666667	0	-0.291666666666667	-0.541666666666667	-0.375	LumA	-0.0165865	-0.0171837	0.00316346	0.00989155	-0.0084996
TCGA-A2-A0ER	0.25	0.25	-0.25	0.25	0.25	-0.25	LumB	-0.0108798	0.0215529	0.010258	0.0143423	0.00466503
TCGA-A2-A0ES	0	-0.166666666666667	-0.5	0.166666666666667	0	-0.333333333333333	LumA	-0.00368564	0.00740646	-0.00231985	0.0136781	0.00186472
TCGA-A2-A0ET	0	0.166666666666667	0.333333333333333	-0.166666666666667	0	0.166666666666667	LumB	-0.00934492	0.0171947	0.00747015	0.0158534	0.00377383
TCGA-A2-A0EU	-0.333333333333333	-0.166666666666667	-0.5	-0.166666666666667	0	-0.333333333333333	LumA	-0.00997643	0.0209891	0.033523	-0.0163128	0.00763066
TCGA-A2-A0EV	-0.791666666666667	-0.208333333333333	-0.416666666666667	-0.75	-0.166666666666667	-0.375	LumA	-0.00489807	0.00970665	0.0027006	0.00764959	-0.000147338
TCGA-A2-A0EW	-0.333333333333333	-0.0416666666666667	-0.458333333333333	-0.166666666666667	0.125	-0.291666666666667	LumA	-0.000445776	0.00508547	-0.0044374	0.0188847	0.0030083
TCGA-A2-A0EX	0.5	0.25	-0.35	0.4	0.15	-0.45	LumA	-0.00439331	0.0083064	0.000598041	0.00802574	-0.000481192
TCGA-A2-A0EY	0	-0.4	-0.4	0.15	-0.25	-0.25	Her2	-0.00484945	0.00970802	0.00180908	0.0076131	0.000241246
TCGA-A2-A0ST	0	0	0	0	0	0	Basal	0.000895166	0.00102969	-0.00842175	0.0122171	-0.000392465
TCGA-A2-A0SU	-0.5	0	-0.166666666666667	-0.5	0	-0.166666666666667	LumA	-0.0105813	0.0147256	0.00401335	0.00570073	-0.000766026
TCGA-A2-A0SV	-0.166666666666667	0.166666666666667	-0.333333333333333	-0.166666666666667	0.166666666666667	-0.333333333333333	LumB	-0.00247222	0.00905347	-0.000370206	0.014821	0.00428316
TCGA-A2-A0SW	0.0833333333333333	-0.166666666666667	-0.375	0.333333333333333	0.0833333333333333	-0.125	LumB	-0.00087617	0.00609087	-0.000481563	0.01065	0.0019981
TCGA-A2-A0SX	-0.8	0	-0.6	-0.6	0.2	-0.4	Basal	-0.00420009	0.00801431	-0.00205052	0.0136257	0.00120685
TCGA-A2-A0SY	-0.166666666666667	-0.333333333333333	-0.666666666666667	-0.166666666666667	-0.333333333333333	-0.666666666666667	LumA	-0.00217234	0.00526005	-0.0044225	0.012925	0.00105417
TCGA-A2-A0T0	-0.5	0	-1.33333333333333	0.166666666666667	0.666666666666667	-0.666666666666667	Basal	-0.00900312	0.0157762	0.00139415	0.01831	0.00623872
TCGA-A2-A0T2	0	0	-0.333333333333333	0	0	-0.333333333333333	Basal	-0.00789626	0.0139312	-0.0113673	0.0262979	0.00393101
TCGA-A2-A0T3	0	0	0	0	0	0	LumB	-0.00359245	0.00890951	-0.00750046	0.0216264	0.00425574
TCGA-A2-A0T4	0.625	0.458333333333333	0.375	0.416666666666667	0.25	0.166666666666667	LumB	-0.0113858	0.015632	0.00352336	0.00687123	-0.000630942
TCGA-A2-A0T5	0	-0.166666666666667	-0.333333333333333	0	-0.166666666666667	-0.333333333333333	LumA	-0.0171088	0.0223504	0.00404964	0.0123185	0.00153334
TCGA-A2-A0T6	0	0	0	0	0	0	LumA	0.00158261	0.000253064	-0.00825169	0.0102271	-0.00032189
TCGA-A2-A0T7	0	0	-1.2	0.4	0.4	-0.8	Normal	-0.00563981	0.00913624	-0.00216293	0.0148731	0.00116485
TCGA-A2-A0YC	-0.333333333333333	0	-0.166666666666667	-0.166666666666667	0.166666666666667	0	LumB	-0.00672882	0.0112842	0.000730639	0.0117319	0.00130316
TCGA-A2-A0YD	0.0833333333333333	-0.125	-0.916666666666667	0.166666666666667	-0.0416666666666667	-0.833333333333333	LumA	-0.00743003	0.011588	-0.000606736	0.0139907	0.00154662
TCGA-A2-A0YE	0.166666666666667	0.333333333333333	0	0	0.166666666666667	-0.166666666666667	Basal	-0.00620246	0.0088845	-0.00150421	0.013012	0.000697417
TCGA-A2-A0YG	-0.625	-0.5	-0.958333333333333	-0.416666666666667	-0.291666666666667	-0.75	LumB	-0.00701633	0.0142419	0.00198396	0.0134522	0.00396687
TCGA-A2-A0YH	0.791666666666667	0.583333333333333	0.375	0.583333333333333	0.375	0.166666666666667	LumB	-0.00455707	0.00750951	-0.00364942	0.0119172	0.000265363
TCGA-A2-A0YI	0.4	0	-0.2	0.4	0	-0.2	LumA	-0.0043871	0.00859778	-0.00381376	0.018095	0.00300329
TCGA-A2-A0YJ	0	0	0	0	0	0	Basal	-0.00448962	0.0101165	-0.00357788	0.0178721	0.00486344
TCGA-A2-A0YK	-0.125	-0.333333333333333	-0.166666666666667	0.0416666666666667	-0.166666666666667	0	Normal	-0.00530174	0.00865962	-0.00344117	0.0145107	0.00184172
TCGA-A2-A0YL	-0.208333333333333	-0.291666666666667	-0.791666666666667	0.208333333333333	0.125	-0.375	LumA	-0.00352136	0.00574066	-0.00398857	0.0133625	0.000366996
TCGA-A2-A0YM	0	0	0	0	0	0	Basal	-0.00901118	0.0140835	0.00269317	0.0112122	0.000667157
TCGA-A2-A0YT	0.125	-0.125	-1.08333333333333	0.166666666666667	-0.0833333333333333	-1.04166666666667	LumB	-0.00416327	0.00687444	-0.00388421	0.0130875	0.000227138
TCGA-A2-A1FV	-0.333333333333333	0.166666666666667	0.333333333333333	-0.5	0	0.166666666666667	LumA	-0.00229406	0.00810392	-0.00749095	0.0244847	0.00499799
TCGA-A2-A1FW	-0.05	0.05	-0.45	-0.3	-0.2	-0.7	LumB	-0.00467636	0.00933295	-0.00722401	0.0215242	0.00352819
TCGA-A2-A1FX	-0.208333333333333	-0.208333333333333	-0.0833333333333333	-0.166666666666667	-0.166666666666667	-0.0416666666666667	LumB	-0.00249955	0.00883416	-0.00778603	0.0254526	0.00535076
TCGA-A2-A1FZ	0.5	0.4	-0.35	0.25	0.15	-0.6	LumA	-0.00263995	0.00661083	-0.00809545	0.0183477	0.00193762
TCGA-A2-A1G0	-0.333333333333333	-0.166666666666667	-1	0	0.166666666666667	-0.666666666666667	LumA	-0.00591109	0.0103818	-0.00694661	0.0196247	0.00213619
TCGA-A2-A1G1	-0.25	-0.333333333333333	-0.541666666666667	-0.0833333333333333	-0.166666666666667	-0.375	Basal	-0.00374688	0.0100685	-0.00719813	0.0262305	0.00559057
TCGA-A2-A1G4	-0.0833333333333333	-0.166666666666667	-0.25	0.0833333333333333	0	-0.0833333333333333	LumB	-0.00187037	0.00675859	-0.00141708	0.0125505	0.00206756
TCGA-A2-A1G6	-0.8	-0.2	-0.466666666666667	-0.866666666666667	-0.266666666666667	-0.533333333333333	Normal	-0.0032797	0.00925959	-0.00566719	0.0225769	0.00462139
TCGA-A2-A25A	-0.75	0	-0.25	-0.75	0	-0.25	Normal	-0.0028576	0.00681967	-0.0077364	0.0176723	0.00196652
TCGA-A2-A25C	-0.0833333333333333	0.166666666666667	0.375	-0.208333333333333	0.0416666666666667	0.25	LumB	-0.00303839	0.00921891	-0.00638937	0.0247923	0.00528893
TCGA-A2-A25D	0.166666666666667	0	-0.166666666666667	0.166666666666667	0	-0.166666666666667	LumB	-0.00294205	0.00775818	-0.00985507	0.0240534	0.00308897
TCGA-A2-A25F	-0.0833333333333333	-0.166666666666667	-0.666666666666667	0.208333333333333	0.125	-0.375	Basal	-0.00216749	0.00605575	-0.00738151	0.01639	0.00208873
TCGA-A2-A3KD	0.0833333333333333	-0.125	-0.791666666666667	0.0416666666666667	-0.166666666666667	-0.833333333333333	LumA	-0.0159545	-0.0163804	0.00461875	0.00757151	-0.00942923
TCGA-A2-A4RW	0.791666666666667	0.166666666666667	-0.166666666666667	0.708333333333333	0.0833333333333333	-0.25	LumA	-0.0117131	-0.0180103	0.00141618	0.00683012	-0.00796255
TCGA-A2-A4RY	-0.333333333333333	-0.375	-0.375	-0.416666666666667	-0.458333333333333	-0.458333333333333	Normal	-0.0196833	-0.0175897	0.00466705	0.00952735	-0.00992407
TCGA-A2-A4S0	-0.3	-0.7	-1.35	0.2	-0.2	-0.85	LumA	-0.0286059	-0.0141635	0.0076233	0.0150996	-0.00917918
TCGA-A2-A4S1	-0.5	0	-0.333333333333333	-0.5	0	-0.333333333333333	Basal	-0.0235552	-0.0127157	0.00872402	0.00831196	-0.0102636
TCGA-A2-A4S2	-0.2	0	-0.2	0	0.2	0	LumA	-0.0178275	-0.0171398	0.00377534	0.00867377	-0.00984647
TCGA-A7-A0CD	0	0	0	0	0	0	LumA	-0.00853667	0.0213031	0.0341746	-0.0122089	-0.00342622
TCGA-A7-A0CE	-0.166666666666667	0.166666666666667	-0.333333333333333	0	0.333333333333333	-0.166666666666667	Basal	-0.00822068	0.0215955	0.0324404	0.000212458	0.000379498
TCGA-A7-A0CG	0	-0.166666666666667	-1	0.333333333333333	0.166666666666667	-0.666666666666667	LumA	-0.00682146	0.0188151	0.0312987	-0.00830061	-0.00256513
TCGA-A7-A0CJ	-0.666666666666667	-0.166666666666667	-0.666666666666667	-0.5	0	-0.5	LumB	-0.00884375	0.0214574	0.0338959	-0.0145056	-0.00336512
TCGA-A7-A0D9	0	0	-0.666666666666667	0.166666666666667	0.166666666666667	-0.5	LumA	-0.00654522	0.0199694	0.0326884	-0.00290151	0.000824953
TCGA-A7-A0DA	0.333333333333333	0.166666666666667	-0.666666666666667	0.5	0.333333333333333	-0.5	Basal	-0.00264405	0.00420251	-0.00487513	0.0132352	-0.000546014
TCGA-A7-A0DB	-0.625	-0.166666666666667	-0.333333333333333	-0.625	-0.166666666666667	-0.333333333333333	LumA	-0.0119386	0.0265882	0.0381165	-0.00214996	5.16506e-05
TCGA-A7-A13E	-0.416666666666667	-0.0416666666666667	-0.25	-0.708333333333333	-0.333333333333333	-0.541666666666667	Basal	-0.00164608	0.00445346	-0.0055009	0.0134006	0.000937202
TCGA-A7-A13F	0.5	0	-0.25	0.416666666666667	-0.0833333333333333	-0.333333333333333	LumB	-0.0085633	0.0157183	0.00439815	0.0228569	0.00550073
TCGA-A7-A13H	-0.125	-0.0416666666666667	0.125	-0.125	-0.0416666666666667	0.125	LumA	-0.0173086	-0.0169068	0.00354005	0.0102271	-0.00868323
TCGA-A7-A26E	0	-0.2	0	0	-0.2	0	LumA	-0.0176213	-0.0186163	0.00529226	0.00773171	-0.00952762
TCGA-A7-A26F	-0.458333333333333	-0.291666666666667	-0.25	-0.458333333333333	-0.291666666666667	-0.25	Basal	-0.00239919	0.00829956	-0.00568579	0.0195401	0.00286828
TCGA-A7-A26H	0	0.166666666666667	-0.166666666666667	-0.166666666666667	0	-0.333333333333333	LumA	-0.00104398	0.00432973	-0.00994829	0.0190053	0.00208187
TCGA-A7-A26I	0	0	0	0	0	0	Basal	-0.00113207	0.00455781	-0.00964782	0.01888	0.00243481
TCGA-A7-A26J	-0.2	-0.55	-1.35	0.2	-0.15	-0.95	LumB	-0.0173115	-0.0182727	0.00507631	0.00761773	-0.0101989
TCGA-A7-A3IY	0	-0.2	-0.8	0.2	0	-0.6	LumA	-0.0173044	-0.0162338	0.00542109	0.00699564	-0.00850171
TCGA-A7-A3IZ	0	0	-0.166666666666667	-0.166666666666667	-0.166666666666667	-0.333333333333333	LumB	-0.0106018	-0.0165788	0.00168514	0.0060227	-0.00748351
TCGA-A7-A3J0	-0.6	0.2	0	-0.8	0	-0.2	LumA	-0.0138137	-0.0169063	0.0030135	0.00626439	-0.00821521
TCGA-A7-A3J1	-0.5	-0.25	-1	-0.25	0	-0.75	LumA	-0.012593	-0.0156804	0.00367567	0.00533345	-0.00635407
TCGA-A7-A3RF	-0.166666666666667	0	-0.333333333333333	-0.333333333333333	-0.166666666666667	-0.5	LumB	-0.0244772	-0.0135003	0.00560553	0.011931	-0.0075397
TCGA-A7-A425	-0.5	-0.166666666666667	-0.5	-0.5	-0.166666666666667	-0.5	LumA	-0.0174778	-0.0171512	0.00438804	0.0094803	-0.00820955
TCGA-A7-A426	-0.666666666666667	-0.333333333333333	-1	-0.666666666666667	-0.333333333333333	-1	LumA	-0.016283	-0.01678	0.0037806	0.00812365	-0.00847582
TCGA-A7-A4SA	0	0	-0.333333333333333	0.333333333333333	0.333333333333333	0	LumA	-0.0262682	-0.0127145	0.0100788	0.00677306	-0.00938708
TCGA-A7-A4SB	-0.25	-0.35	-0.95	0.1	0	-0.6	LumA	-0.0200344	-0.0180993	0.0051695	0.0109514	-0.00859773
TCGA-A7-A5ZX	0	0	0	0	0	0	LumA	-0.0205479	-0.0164326	0.00768907	0.00711972	-0.00952468
TCGA-A8-A06O	0.166666666666667	0.166666666666667	0.166666666666667	0.166666666666667	0.166666666666667	0.166666666666667	LumB	-0.00653837	0.0184486	0.0309208	-0.0112897	-0.00247076
TCGA-A8-A06P	0	0	-0.333333333333333	0.333333333333333	0.333333333333333	0	LumA	-0.0087944	0.0207893	0.0341673	-0.0125927	-0.00354439
TCGA-A8-A06Q	-0.15	-0.5	-0.95	0	-0.35	-0.8	LumB	-0.0112482	0.0189664	0.0104686	0.0129273	0.0024084
TCGA-A8-A06R	-0.4	-0.4	-0.8	-0.2	-0.2	-0.6	LumB	-0.00868814	0.0210852	0.0344854	-0.0139072	-0.00399907
TCGA-A8-A06T	-0.333333333333333	0.166666666666667	0.5	-0.5	0	0.333333333333333	LumB	-0.00948908	0.023945	0.0367271	-0.0101568	-0.00185322
TCGA-A8-A06U	-0.208333333333333	-0.208333333333333	-0.208333333333333	-0.5	-0.5	-0.5	LumB	-0.00923936	0.0218625	0.0354897	-0.0143947	-0.00370252
TCGA-A8-A06X	-0.0833333333333333	-0.666666666666667	-1.54166666666667	0.0833333333333333	-0.5	-1.375	LumB	-0.00955064	0.0222033	0.0352091	-0.0135295	-0.0036112
TCGA-A8-A06Y	-0.166666666666667	0.166666666666667	-0.166666666666667	-0.333333333333333	0	-0.333333333333333	LumA	-0.00835828	0.0207587	0.0337821	-0.011806	-0.0024502
TCGA-A8-A06Z	0	0.166666666666667	0	-0.333333333333333	-0.166666666666667	-0.333333333333333	LumB	-0.00857123	0.0204102	0.0333713	-0.0120218	-0.00421456
TCGA-A8-A075	-0.4	-0.2	-0.4	-0.2	0	-0.2	LumB	-0.00580548	0.00974232	-0.00143897	0.0123332	0.000626291
TCGA-A8-A076	-0.5	0	-0.75	-0.25	0.25	-0.5	Her2	-0.00714172	0.0194006	0.0327718	-0.010759	-0.00288222
TCGA-A8-A079	0	0	0	0	0	0	LumB	-0.011127	0.0233199	0.0361162	-0.0153461	-0.00416976
TCGA-A8-A07B	0.333333333333333	0.166666666666667	-0.333333333333333	0.666666666666667	0.5	0	Her2	-0.0100841	0.0222944	0.0357079	-0.0142229	-0.00422301
TCGA-A8-A07F	0.25	-0.1875	0.0625	0	-0.4375	-0.1875	LumA	-0.0105043	0.0227937	0.0356561	-0.0173362	0.00055111
TCGA-A8-A07G	0.0416666666666667	-0.125	-0.916666666666667	0.458333333333333	0.291666666666667	-0.5	LumA	-0.00708393	0.0121844	0.00350627	0.00892086	0.000396222
TCGA-A8-A07I	0	0	-0.2	0.2	0.2	0	Her2	-0.00885711	0.0208978	0.0337457	-0.0138354	-0.00401178
TCGA-A8-A07J	-0.166666666666667	0.166666666666667	0	-0.166666666666667	0.166666666666667	0	LumA	-0.00865027	0.0218524	0.0350154	-0.0109926	-0.00303403
TCGA-A8-A07L	-0.166666666666667	0	-0.5	0.166666666666667	0.333333333333333	-0.166666666666667	LumB	-0.00931516	0.0222461	0.0347861	-0.0118371	-0.00296026
TCGA-A8-A07O	-0.166666666666667	-0.333333333333333	-1.5	0.166666666666667	0	-1.16666666666667	Basal	-0.0080193	0.0201163	0.0330715	-0.0129192	-0.00341658
TCGA-A8-A07P	0	0	0	0	0	0	LumA	-0.0136002	0.0281074	0.0394064	-0.00436364	-0.000651735
TCGA-A8-A07R	0.166666666666667	0.166666666666667	-0.166666666666667	0.333333333333333	0.333333333333333	0	Basal	-0.0122988	0.0199261	0.00532359	0.0254239	0.00662487
TCGA-A8-A07U	-0.5	-0.166666666666667	-0.833333333333333	-0.333333333333333	0	-0.666666666666667	Basal	-0.0103269	0.0160137	0.00727387	0.00586063	-0.000370003
TCGA-A8-A07W	-0.166666666666667	0	-0.666666666666667	0.166666666666667	0.333333333333333	-0.333333333333333	LumB	-0.00666018	0.0189455	0.0314626	-0.00971929	-0.00301982
TCGA-A8-A07Z	0	0	0.166666666666667	0	0	0.166666666666667	LumB	-0.00745227	0.0202285	0.032078	-0.0100811	-0.00276733
TCGA-A8-A081	0	0	-0.166666666666667	0	0	-0.166666666666667	LumB	-0.00903607	0.0216647	0.034877	-0.0132421	-0.00373072
TCGA-A8-A082	-0.125	-0.458333333333333	-0.833333333333333	-0.0833333333333333	-0.416666666666667	-0.791666666666667	LumB	-0.00874618	0.0215835	0.0343143	-0.0102838	-0.00264671
TCGA-A8-A083	-0.666666666666667	-0.333333333333333	-1.16666666666667	-0.5	-0.166666666666667	-1	LumA	-0.00566936	0.0175014	0.028437	-0.00774058	-0.00190564
TCGA-A8-A085	1.1	1.05	-0.3	0.9	0.85	-0.5	LumB	-0.00698304	0.0194622	0.0320623	-0.0104852	-0.00313801
TCGA-A8-A08B	-0.0625	-0.125	-0.1875	-0.25	-0.3125	-0.375	Her2	-0.00814679	0.0206485	0.0340398	-0.0122179	-0.00300946
TCGA-A8-A08C	-0.666666666666667	0	-0.5	-0.666666666666667	0	-0.5	LumA	-0.00968327	0.0218906	0.0345175	-0.0143532	-0.00441411
TCGA-A8-A08F	-0.5	0	0	-0.5	0	0	LumB	-0.00459171	0.016316	0.0286675	-0.00840945	-0.00178231
TCGA-A8-A08G	0	0	0	0	0	0	LumB	-0.00686022	0.0190499	0.0321035	-0.0112266	-0.00240556
TCGA-A8-A08H	0	0	0	0	0	0	Basal	-0.0063849	0.0180983	0.0299817	-0.0111659	-0.00397296
TCGA-A8-A08J	-0.0333333333333333	-0.433333333333333	-0.533333333333333	0.0666666666666667	-0.333333333333333	-0.433333333333333	Her2	-0.00710345	0.0195541	0.0311033	-0.0111806	-0.00321147
TCGA-A8-A08L	-0.166666666666667	-0.333333333333333	-0.5	0	-0.166666666666667	-0.333333333333333	Her2	-0.00613803	0.0173682	0.0280589	-0.00455298	-0.00203642
TCGA-A8-A08O	-0.5	-0.166666666666667	-0.166666666666667	-0.333333333333333	0	0	LumA	-0.00255736	0.0132401	0.023256	-0.00485084	-0.00172904
TCGA-A8-A08P	-0.25	-0.333333333333333	-0.458333333333333	-0.125	-0.208333333333333	-0.333333333333333	LumB	-0.00886918	0.021303	0.0342954	-0.012927	-0.00320848
TCGA-A8-A08T	-0.35	0.5	0	-0.5	0.35	-0.15	LumA	-0.00834399	0.0210779	0.0341168	-0.0115856	-0.00264679
TCGA-A8-A08X	-0.166666666666667	0	0	-0.166666666666667	0	0	Her2	-0.00615311	0.0174348	0.0288034	-0.0107446	-0.00379989
TCGA-A8-A08Z	0.4	-0.2	-0.6	0.4	-0.2	-0.6	LumB	-0.0102688	0.0223695	0.0359102	-0.0137695	-0.00417452
TCGA-A8-A090	0	0	0	0	0	0	LumB	-0.00655343	0.0184325	0.0310612	-0.00957447	-0.00344128
TCGA-A8-A091	-0.166666666666667	-0.166666666666667	-1.16666666666667	0.166666666666667	0.166666666666667	-0.833333333333333	LumA	-0.00548219	0.0167944	0.028642	-0.00847145	-0.00346792
TCGA-A8-A092	-0.458333333333333	-0.5	-1.375	-0.375	-0.416666666666667	-1.29166666666667	LumB	-0.00800521	0.0196736	0.0320212	-0.0109009	-0.00366703
TCGA-A8-A093	-0.333333333333333	0	-0.166666666666667	-0.333333333333333	0	-0.166666666666667	LumA	-0.00551785	0.0168077	0.0292446	-0.01058	-0.00286358
TCGA-A8-A094	0	0	0	0	0	0	Her2	-0.013968	0.0288471	0.0389996	-0.00435613	-0.000625952
TCGA-A8-A095	0	-0.708333333333333	-1.125	0.291666666666667	-0.416666666666667	-0.833333333333333	LumB	-0.00740941	0.019494	0.031554	-0.0102873	-0.0026407
TCGA-A8-A096	0.583333333333333	0	-0.458333333333333	0.375	-0.208333333333333	-0.666666666666667	LumB	-0.0114589	0.0251576	0.0371853	-0.011861	-0.00281404
TCGA-A8-A097	0.791666666666667	0.166666666666667	-0.166666666666667	0.708333333333333	0.0833333333333333	-0.25	LumB	-0.00766592	0.0134837	0.00212944	0.0219422	0.00492657
TCGA-A8-A099	-0.4	0	-0.8	-0.2	0.2	-0.6	LumB	-0.00627513	0.0182727	0.0307584	-0.0104211	-0.00240819
TCGA-A8-A09A	-0.25	0	-0.0416666666666667	-0.708333333333333	-0.458333333333333	-0.5	LumA	-0.00721791	0.0194443	0.0311196	-0.0115274	-0.00326065
TCGA-A8-A09B	-0.333333333333333	-0.166666666666667	-1.16666666666667	0.166666666666667	0.333333333333333	-0.666666666666667	LumA	-0.00520168	0.0168377	0.0284592	-0.00659083	-0.0022912
TCGA-A8-A09D	-0.125	0.125	-0.125	-0.125	0.125	-0.125	LumB	-0.00730299	0.0193989	0.0317178	-0.0115809	-0.00340864
TCGA-A8-A09E	-0.208333333333333	0	-0.208333333333333	-0.0833333333333333	0.125	-0.0833333333333333	LumB	-0.00472081	0.015956	0.0283168	-0.0106825	-0.00349777
TCGA-A8-A09G	-0.35	-0.2	-0.75	-0.3	-0.15	-0.7	Her2	-0.00911282	0.0214813	0.0353722	-0.012623	-0.00431804
TCGA-A8-A09I	-0.2	-0.2	-0.6	0.2	0.2	-0.2	LumB	-0.0157992	0.0253061	0.0176722	0.0064819	0.00119116
TCGA-A8-A09M	-0.166666666666667	-0.166666666666667	0	-0.166666666666667	-0.166666666666667	0	LumB	-0.00232222	0.0127571	0.0235185	-0.00612776	-0.00211266
TCGA-A8-A09N	0.333333333333333	0.291666666666667	-0.416666666666667	-0.0416666666666667	-0.0833333333333333	-0.791666666666667	LumB	-0.00986111	0.022655	0.0352382	-0.0118875	-0.00364844
TCGA-A8-A09Q	0.166666666666667	0	0.166666666666667	0	-0.166666666666667	0	LumB	-0.00807062	0.021309	0.0336027	-0.0112379	-0.00181329
TCGA-A8-A09T	0.4	0.05	-0.8	0.2	-0.15	-1	LumB	-0.00457315	0.0157476	0.0260631	-0.0075693	-0.00261553
TCGA-A8-A09V	-0.416666666666667	-0.208333333333333	-0.166666666666667	-0.416666666666667	-0.208333333333333	-0.166666666666667	LumA	-0.0105626	0.0194199	0.00633094	0.0231721	0.00626432
TCGA-A8-A09W	-0.5	-0.166666666666667	-0.666666666666667	-0.333333333333333	0	-0.5	LumB	-0.00736131	0.0197868	0.0323353	-0.011994	-0.00259742
TCGA-A8-A09X	-0.166666666666667	-0.333333333333333	-1.83333333333333	0.166666666666667	0	-1.5	Her2	-0.00515085	0.0168975	0.0284102	-0.00900565	-0.0021993
TCGA-A8-A09Z	-0.166666666666667	0.166666666666667	-0.166666666666667	-0.333333333333333	0	-0.333333333333333	LumB	-0.00799085	0.0202339	0.0322588	-0.00960801	-0.0026169
TCGA-A8-A0A1	-0.291666666666667	-0.0833333333333333	-0.416666666666667	-0.333333333333333	-0.125	-0.458333333333333	LumB	-0.00420216	0.0150414	0.0253551	-0.00640271	-0.00257385
TCGA-A8-A0A4	-0.4	-0.2	-0.8	-0.2	0	-0.6	LumA	-0.0107094	0.0235021	0.0359793	-0.01122	-0.00237585
TCGA-A8-A0A6	-0.166666666666667	-0.166666666666667	-0.5	0	0	-0.333333333333333	LumA	-0.00625408	0.0178889	0.0308002	-0.0101692	-0.00343092
TCGA-A8-A0A7	-0.375	-0.0416666666666667	-0.0833333333333333	-0.458333333333333	-0.125	-0.166666666666667	Her2	-0.0135367	0.0268954	0.0394572	-0.0122404	-0.00249645
TCGA-A8-A0A9	-0.166666666666667	-0.125	-0.333333333333333	-0.166666666666667	-0.125	-0.333333333333333	LumB	-0.00795518	0.0205959	0.0338372	-0.0133608	-0.00366335
TCGA-A8-A0AB	0	-0.2	0	0.2	0	0.2	LumB	-0.0121609	0.0192538	0.0113211	0.00111892	-0.00196498
TCGA-A8-A0AD	0.333333333333333	0.166666666666667	0	-0.166666666666667	-0.333333333333333	-0.5	LumA	-0.00759715	0.019006	0.0322294	-0.0117681	-0.00327985
TCGA-AC-A23C	0	-0.333333333333333	0	0.166666666666667	-0.166666666666667	0.166666666666667	LumA	-0.00131366	0.00500963	-0.00874946	0.0179088	0.00257667
TCGA-AC-A23E	-0.333333333333333	-0.833333333333333	-1.33333333333333	0	-0.5	-1	LumA	-0.00404358	0.0105504	-0.00296942	0.0233005	0.00541922
TCGA-AC-A2B8	0.541666666666667	0.458333333333333	0.208333333333333	0.333333333333333	0.25	0	LumA	-0.00424267	0.0093362	-0.0081751	0.0206965	0.00250253
TCGA-AC-A2QH	0	0	0	0	0	0	Basal	-0.00327207	0.00551814	-0.00835037	0.0161393	0.00086101
TCGA-AC-A2QI	0	0	0	0	0	0	LumA	-0.0249946	-0.0167983	0.00779631	0.0104171	-0.00777523
TCGA-AC-A3HN	0.0833333333333333	-0.125	-0.791666666666667	0.0416666666666667	-0.166666666666667	-0.833333333333333	LumA	-0.0118575	-0.0165865	0.0026816	0.00564703	-0.00556756
TCGA-AC-A3QP	-0.708333333333333	0.125	-0.416666666666667	-0.875	-0.0416666666666667	-0.583333333333333	LumA	-0.013151	-0.0166435	0.00226957	0.00767272	-0.00727412
TCGA-AC-A3TM	-0.6	-0.2	0	-0.6	-0.2	0	LumA	-0.011084	-0.0166503	0.00292702	0.00602307	-0.00701805
TCGA-AC-A3TN	0	-0.166666666666667	0.166666666666667	0	-0.166666666666667	0.166666666666667	LumA	-0.0113557	-0.0176394	0.00127962	0.0079568	-0.00741555
TCGA-AC-A3W6	0.166666666666667	-0.333333333333333	-0.666666666666667	0.5	0	-0.333333333333333	LumB	-0.0142082	-0.0164075	0.00252561	0.00658556	-0.0064535
TCGA-AC-A3W7	-0.333333333333333	-0.333333333333333	-0.5	-0.333333333333333	-0.333333333333333	-0.5	LumA	-0.0160253	-0.0173219	0.00320616	0.00877311	-0.00805053
TCGA-AC-A3YI	0.166666666666667	-0.333333333333333	-0.291666666666667	-0.25	-0.75	-0.708333333333333	Normal	-0.0122464	-0.0179353	0.00199137	0.00707005	-0.00729402
TCGA-AC-A3YJ	-0.0416666666666667	0.166666666666667	-0.25	-0.25	-0.0416666666666667	-0.458333333333333	LumA	-0.0222844	-0.0157103	0.00643541	0.00880127	-0.00971455
TCGA-AC-A5XS	-0.166666666666667	0	-0.166666666666667	-0.5	-0.333333333333333	-0.5	LumB	-0.0170876	-0.0175847	0.00491783	0.00739098	-0.00889167
TCGA-AC-A62Y	-0.166666666666667	-0.166666666666667	-1	0.166666666666667	0.166666666666667	-0.666666666666667	LumB	-0.0187848	-0.0174611	0.00610506	0.00707786	-0.00906394
TCGA-AC-A6IV	0.3	0.15	0	0.3	0.15	0	LumA	-0.0143419	-0.0175906	0.00324072	0.00386445	-0.00946882
TCGA-AC-A6IX	0	0	-0.833333333333333	0.5	0.5	-0.333333333333333	LumA	-0.0193627	-0.0183375	0.00631797	0.00200265	-0.0113619
TCGA-AC-A7VC	0.166666666666667	0.166666666666667	0.333333333333333	0	0	0.166666666666667	Basal	-0.0138111	-0.0161741	0.00118646	0.00305893	-0.00968921
TCGA-AN-A03X	-0.166666666666667	0.291666666666667	-0.0833333333333333	-0.166666666666667	0.291666666666667	-0.0833333333333333	LumA	-0.0104673	0.022627	0.0357668	-0.0150764	-0.00218695
TCGA-AN-A03Y	0	0	-0.666666666666667	0	0	-0.666666666666667	LumB	-0.0102711	0.0225114	0.0357255	-0.0143791	-0.00340028
TCGA-AN-A041	-0.166666666666667	0	-0.5	0.166666666666667	0.333333333333333	-0.166666666666667	LumB	-0.0128731	0.0209672	0.0115999	0.0114001	0.00922515
TCGA-AN-A046	0	-0.166666666666667	-0.166666666666667	0	-0.166666666666667	-0.166666666666667	LumA	-0.00650215	0.0137845	0.00499952	0.0170802	0.00418946
TCGA-AN-A049	-0.458333333333333	-0.291666666666667	-1.25	-0.0416666666666667	0.125	-0.833333333333333	LumB	-0.0138475	0.0262757	0.0380149	-0.0136626	-0.00204368
TCGA-AN-A04A	0	0	0	0	0	0	LumA	-0.00882198	0.01439	0.00669086	0.00587924	0.00043229
TCGA-AN-A04C	-0.333333333333333	0	-0.166666666666667	-0.166666666666667	0.166666666666667	0	Her2	-0.00574976	0.0112845	0.000465359	0.0220806	0.00549191
TCGA-AN-A04D	-0.833333333333333	0	-0.166666666666667	-0.833333333333333	0	-0.166666666666667	Basal	-0.00448578	0.00889032	0.00175207	0.00957564	0.00109953
TCGA-AN-A0AJ	-0.3	0.15	-0.1	-0.45	0	-0.25	LumB	-0.00948817	0.0224208	0.0338861	-0.0121979	-0.001462
TCGA-AN-A0AK	0.333333333333333	0.333333333333333	0.166666666666667	0	0	-0.166666666666667	LumB	-0.00934637	0.022585	0.0307445	-0.0108217	-0.00206214
TCGA-AN-A0AL	-0.333333333333333	0.0833333333333333	-0.166666666666667	-0.291666666666667	0.125	-0.125	Basal	-0.00760204	0.0195967	0.031795	-0.00731476	-0.00135869
TCGA-AN-A0AM	0	-0.2	-1	0	-0.2	-1	LumB	-0.00924985	0.0153718	0.00917832	0.00778897	0.00207832
TCGA-AN-A0AR	-0.166666666666667	-0.333333333333333	-0.333333333333333	-0.166666666666667	-0.333333333333333	-0.333333333333333	Basal	-0.00996129	0.0223743	0.0340995	-0.00818028	-0.00237167
TCGA-AN-A0AS	-0.8	0	-0.4	-0.4	0.4	0	LumB	-0.0086843	0.0202007	0.0332693	-0.0119477	-0.00263435
TCGA-AN-A0AT	-0.25	0	0	-0.5	-0.25	-0.25	Basal	-0.0114059	0.0227644	0.012832	0.00835779	0.00391285
TCGA-AN-A0FD	0.166666666666667	0.166666666666667	-0.166666666666667	0.166666666666667	0.166666666666667	-0.166666666666667	LumB	-0.0050376	0.00877777	0.0012108	0.00819561	0.000113741
TCGA-AN-A0FF	-0.0416666666666667	0.0416666666666667	-0.625	-0.25	-0.166666666666667	-0.833333333333333	LumB	-0.00657241	0.0110714	0.00214071	0.00732257	-0.0002421
TCGA-AN-A0FJ	-0.166666666666667	-0.333333333333333	-0.666666666666667	0	-0.166666666666667	-0.5	Basal	-0.0117681	0.024018	0.0366175	-0.0139955	-0.00354973
TCGA-AN-A0FK	-0.333333333333333	-0.166666666666667	-0.833333333333333	0	0.166666666666667	-0.5	LumB	-0.00617818	0.0105164	0.00302194	0.00968814	0.00090716
TCGA-AN-A0FL	-0.4	-0.4	-0.8	0	0	-0.4	Basal	-0.00683878	0.0117633	0.00300681	0.00722771	-0.000339856
TCGA-AN-A0FN	0.5	0	-0.375	0.416666666666667	-0.0833333333333333	-0.458333333333333	LumA	-0.00567025	0.00974479	0.00100265	0.00903425	-0.000127256
TCGA-AN-A0FS	0	0	-1	0.333333333333333	0.333333333333333	-0.666666666666667	LumA	-0.00191638	0.00474354	-0.00380161	0.00897948	-0.000498636
TCGA-AN-A0FT	-0.375	0.25	-0.166666666666667	-0.458333333333333	0.166666666666667	-0.25	LumB	-0.00684508	0.0114736	0.00278021	0.00738505	-1.55197e-05
TCGA-AN-A0FV	-0.5	-0.166666666666667	-0.666666666666667	-0.333333333333333	0	-0.5	Her2	-0.0102512	0.0221225	0.034516	-0.014594	-0.0012984
TCGA-AN-A0FW	-0.6	0	-0.2	-0.8	-0.2	-0.4	LumB	-0.00416609	0.00923001	0.00224196	0.00861418	0.000264675
TCGA-AN-A0FX	0.166666666666667	-0.166666666666667	-1.16666666666667	0	-0.333333333333333	-1.33333333333333	Basal	-0.00659321	0.010955	0.00198502	0.00885414	-0.000367337
TCGA-AN-A0FY	-0.5	0	-0.166666666666667	-0.333333333333333	0.166666666666667	0	LumB	-0.00546954	0.0107566	-0.000165412	0.0222619	0.00527418
TCGA-AN-A0FZ	0	-0.2	-1	0.4	0.2	-0.6	LumB	-0.0157519	0.0250243	0.0180777	0.0101504	0.00509817
TCGA-AN-A0XN	0.166666666666667	0.166666666666667	-0.333333333333333	0	0	-0.5	Her2	-0.0026563	0.00587722	-0.0031613	0.0124376	0.000573414
TCGA-AN-A0XO	-0.2	0	0	0	0.2	0.2	LumA	-0.00531707	0.00736205	-0.00790649	0.0161864	0.00203667
TCGA-AN-A0XP	-0.375	-0.25	-1.08333333333333	0.0416666666666667	0.166666666666667	-0.666666666666667	LumA	-0.0069175	0.0111909	-0.000200808	0.0132341	0.00111492
TCGA-AN-A0XR	0	0	0	0	0	0	LumB	-0.00451795	0.00787661	-0.00193664	0.012635	0.00111306
TCGA-AN-A0XS	0.25	0.4	-0.05	0	0.15	-0.3	LumA	-0.00453095	0.00818776	-0.00145539	0.0124843	0.00220026
TCGA-AN-A0XT	-0.35	0.35	0.05	-0.5	0.2	-0.1	LumA	-0.00453029	0.0071155	-0.00363343	0.0122393	0.000230153
TCGA-AN-A0XU	-0.166666666666667	0	-0.5	-0.166666666666667	0	-0.5	Basal	-0.0091738	0.0119419	0.000315952	0.0114268	0.00249511
TCGA-AN-A0XV	0.166666666666667	0	0	-0.333333333333333	-0.5	-0.5	LumA	-0.00591034	0.013198	-1.48487e-05	0.0139535	0.00477832
TCGA-AN-A0XW	-0.166666666666667	0	-0.333333333333333	-0.166666666666667	0	-0.333333333333333	LumB	-0.00792275	0.0154987	0.00205922	0.0140294	0.00416745
TCGA-AO-A03R	0.291666666666667	0	-0.5	0.791666666666667	0.5	0	LumB	-0.00935527	0.0182155	0.0108954	0.0145413	0.00442919
TCGA-AO-A03T	0.0833333333333333	-0.25	-0.791666666666667	0.0416666666666667	-0.291666666666667	-0.833333333333333	LumA	-0.00325015	0.0066487	-0.00161225	0.0103128	-0.000513599
TCGA-AO-A03V	-0.166666666666667	0.166666666666667	0.166666666666667	-0.166666666666667	0.166666666666667	0.166666666666667	LumA	-0.002068	0.00581201	-0.00398339	0.0119624	0.00300682
TCGA-AO-A0J2	0.666666666666667	0.333333333333333	-0.333333333333333	0.333333333333333	0	-0.666666666666667	Her2	-0.0120246	0.0226619	0.0110488	0.0099746	0.00505945
TCGA-AO-A0J3	-0.5	0	-0.666666666666667	-0.333333333333333	0.166666666666667	-0.5	LumB	-0.0109132	0.0170816	0.00986148	0.00939195	0.000610002
TCGA-AO-A0J5	0	0.166666666666667	0.333333333333333	0	0.166666666666667	0.333333333333333	LumB	-0.0145019	0.024772	0.0175809	0.00571892	0.00164373
TCGA-AO-A0J6	-0.5	-0.166666666666667	-0.333333333333333	-0.333333333333333	0	-0.166666666666667	Basal	-0.0142984	0.0243681	0.0151053	0.00829796	0.00185649
TCGA-AO-A0J7	0.05	-0.2	-0.3	0.2	-0.05	-0.15	LumB	-0.0114959	0.020251	0.0118249	0.0108265	0.00291322
TCGA-AO-A0J8	0.5	0	-0.45	0.65	0.15	-0.3	LumA	-0.0140447	0.0226538	0.014012	0.0133955	0.00468844
TCGA-AO-A0J9	-0.166666666666667	-0.333333333333333	0	-0.333333333333333	-0.5	-0.166666666666667	LumA	-0.0117936	0.0216833	0.0140418	0.00975925	0.00354961
TCGA-AO-A0JB	0.25	-0.125	-0.208333333333333	0	-0.375	-0.458333333333333	Normal	-0.00818212	0.0198159	0.0327835	-0.0122773	-0.00211101
TCGA-AO-A0JC	0	0	0	0	0	0	LumB	-0.00613494	0.0190283	0.0323245	-0.0103602	-0.00147731
TCGA-AO-A0JD	0	0.25	0	0	0.25	0	LumB	-0.00758853	0.0209905	0.0343198	-0.0103429	-0.00213082
TCGA-AO-A0JF	-0.2	0	-0.4	0.2	0.4	0	LumA	-0.0070281	0.0204034	0.0340014	-0.00869307	-0.00244673
TCGA-AO-A0JG	0	0	0	0	0	0	LumA	-0.0109823	0.0152784	-0.00112505	0.0144208	0.00137345
TCGA-AO-A0JI	0	0	0	0	0	0	LumA	-0.00967935	0.023921	0.0381357	-0.00862659	0.00182363
TCGA-AO-A0JJ	-0.25	-0.333333333333333	-0.458333333333333	-0.125	-0.208333333333333	-0.333333333333333	LumA	-0.00771614	0.0203947	0.0331542	-0.0126369	-0.00315265
TCGA-AO-A124	0.0416666666666667	0.0416666666666667	-0.125	-0.291666666666667	-0.291666666666667	-0.458333333333333	Basal	-0.0054651	0.0113151	-0.00116165	0.0162373	0.00665379
TCGA-AO-A128	-0.75	0	0	-0.75	0	0	Basal	0.00204119	-0.000158481	-0.00624918	0.010477	0.000160508
TCGA-AO-A12A	0.333333333333333	0.166666666666667	-0.166666666666667	0.166666666666667	0	-0.333333333333333	LumA	-0.00397922	0.00867035	-0.000906987	0.0148569	0.00421444
TCGA-AO-A12D	-0.6	-0.25	-0.5	-0.55	-0.2	-0.45	Her2	-0.00148264	0.00464801	-0.00394467	0.0139289	0.00336334
TCGA-AO-A12F	-1.2	-1.2	-1.63333333333333	-1.36666666666667	-1.36666666666667	-1.8	Basal	-0.00578866	0.0129391	0.000608578	0.0152568	0.00744348
TCGA-AO-A1KO	0.166666666666667	-0.458333333333333	-0.791666666666667	0.458333333333333	-0.166666666666667	-0.5	Normal	-0.00736031	0.0156452	-0.00594706	0.0333802	0.00670408
TCGA-AO-A1KP	-0.166666666666667	0.333333333333333	0.333333333333333	-0.5	0	0	LumB	-0.00358613	0.00847801	0.000565092	0.0136271	0.00449448
TCGA-AO-A1KR	0.166666666666667	0.25	0.0833333333333333	0	0.0833333333333333	-0.0833333333333333	Basal	0.000196075	0.00421881	-0.0103208	0.0179028	0.00277001
TCGA-AO-A1KS	-0.333333333333333	0	-0.166666666666667	-0.166666666666667	0.166666666666667	0	LumB	-0.00263948	0.00754847	-0.000213396	0.0124756	0.0019495
TCGA-AO-A1KT	0.0399999999999999	0.12	-0.08	-0.04	0.04	-0.16	LumB	-0.0108678	0.0158606	-0.00774642	0.0258141	0.00287651
TCGA-AQ-A04H	-0.2	0	0.2	-0.4	-0.2	0	LumB	-0.00772546	0.0143246	0.00109337	0.018069	0.00540723
TCGA-AQ-A04J	-0.166666666666667	-0.166666666666667	-0.166666666666667	0	0	0	Basal	-0.00567428	0.0091816	0.00035131	0.0115341	0.000853594
TCGA-AQ-A0Y5	-0.333333333333333	-0.375	0.625	-0.333333333333333	-0.375	0.625	LumA	0.000712719	0.00256085	-0.00671723	0.0124825	0.00101213
TCGA-AQ-A1H2	0	0	0	0	0	0	LumA	-0.00509113	0.010426	-0.00537954	0.0198134	0.00320778
TCGA-AQ-A1H3	-0.166666666666667	0	-0.5	0.166666666666667	0.333333333333333	-0.166666666666667	LumA	0.00204546	0.00114622	-0.00921686	0.0131821	0.00112154
TCGA-AQ-A7U7	-0.666666666666667	0.166666666666667	0.166666666666667	-0.666666666666667	0.166666666666667	0.166666666666667	LumA	-0.0174639	-0.0175753	0.00589909	0.00179406	-0.010713
TCGA-AR-A0TP	-0.333333333333333	-0.0555555555555555	-0.111111111111111	-0.166666666666667	0.111111111111111	0.0555555555555556	Basal	-0.0106465	0.0148504	-0.000327498	0.0126164	0.00014925
TCGA-AR-A0TQ	-0.5	-0.333333333333333	-0.333333333333333	-0.5	-0.333333333333333	-0.333333333333333	Her2	-0.0100367	0.0147633	-0.00114074	0.0202293	0.00494146
TCGA-AR-A0TR	0.791666666666667	0.0416666666666667	-0.291666666666667	0.708333333333333	-0.0416666666666667	-0.375	LumA	-0.0107555	0.0141805	0.00285651	0.00577991	-0.00173099
TCGA-AR-A0TS	0.375	0.458333333333333	0.0833333333333333	0.291666666666667	0.375	0	Basal	-0.00185125	0.00620565	-0.00279067	0.0123984	0.00192347
TCGA-AR-A0TV	0	0	-0.333333333333333	0.166666666666667	0.166666666666667	-0.166666666666667	LumB	-0.000503416	0.00452741	-0.0115479	0.0218761	0.00295746
TCGA-AR-A0TW	0.4	-0.2	-1	0.6	0	-0.8	LumB	-0.00755356	0.0120252	-0.00330162	0.0196901	0.00496123
TCGA-AR-A0TX	-0.2	-0.2	-0.75	-0.15	-0.15	-0.7	Her2	-0.00277813	0.00556817	-0.00493233	0.0127212	0.00107241
TCGA-AR-A0TY	-0.25	0.25	0.25	-0.25	0.25	0.25	LumB	-0.0178106	0.0232603	0.00807746	0.0232253	0.00443142
TCGA-AR-A0TZ	0.166666666666667	-0.333333333333333	-0.166666666666667	0.333333333333333	-0.166666666666667	0	LumB	-0.00418493	0.00861505	-0.00144029	0.0136528	0.00178303
TCGA-AR-A0U0	-0.4	-0.2	-1.2	0	0.2	-0.8	Basal	-0.00869105	0.0137915	0.00237145	0.0108416	0.00103199
TCGA-AR-A0U2	0.333333333333333	0	-0.166666666666667	0.166666666666667	-0.166666666666667	-0.333333333333333	LumB	-0.00854479	0.0138501	0.00476002	0.0101756	0.00121843
TCGA-AR-A0U3	-0.166666666666667	-0.333333333333333	-0.666666666666667	0	-0.166666666666667	-0.5	LumB	-0.0119494	0.0176434	0.00702056	0.00762918	-9.63721e-05
TCGA-AR-A1AH	0.583333333333333	-0.375	0.0833333333333333	0.458333333333333	-0.5	-0.0416666666666667	Basal	-0.00890282	0.0150092	0.000296254	0.0262307	0.00658453
TCGA-AR-A1AI	-0.333333333333333	0	0	-0.5	-0.166666666666667	-0.166666666666667	Basal	-0.00544408	0.01081	0.000716002	0.0207831	0.00452656
TCGA-AR-A1AK	-0.333333333333333	0	-0.166666666666667	-0.166666666666667	0.166666666666667	0	LumA	-0.00756641	0.0148984	0.00370084	0.0218765	0.0062397
TCGA-AR-A1AL	0.166666666666667	0.166666666666667	0	0	0	-0.166666666666667	LumA	-0.00865603	0.0148312	0.00386189	0.0192098	0.00407341
TCGA-AR-A1AM	0.5	0.166666666666667	-0.333333333333333	0.458333333333333	0.125	-0.375	LumA	-0.0181365	-0.0175628	0.00449935	0.0103179	-0.00919197
TCGA-AR-A1AN	-0.166666666666667	-0.166666666666667	-0.333333333333333	0	0	-0.166666666666667	LumA	-0.00878794	0.0155251	0.00179079	0.0185903	0.00394332
TCGA-AR-A1AO	-0.666666666666667	0	-0.166666666666667	-0.666666666666667	0	-0.166666666666667	Basal	-0.0106679	0.018267	0.00458673	0.0232791	0.00624184
TCGA-AR-A1AP	0	-0.166666666666667	-1	0.5	0.333333333333333	-0.5	LumA	-0.00453355	0.00849354	-0.00117504	0.0142611	0.00221629
TCGA-AR-A1AQ	0.166666666666667	0	-0.208333333333333	-0.125	-0.291666666666667	-0.5	Basal	-0.0041427	0.00909577	-0.00153678	0.0223914	0.0045135
TCGA-AR-A1AR	0.9	0.9	0.25	0.8	0.8	0.15	Basal	-0.00524217	0.0104387	-0.000427365	0.0231255	0.00456915
TCGA-AR-A1AU	-0.333333333333333	-0.208333333333333	0.166666666666667	-0.583333333333333	-0.458333333333333	-0.0833333333333333	LumA	-0.00639081	0.0124527	0.00133498	0.0223919	0.00542156
TCGA-AR-A1AV	-0.291666666666667	-0.291666666666667	-0.416666666666667	-0.125	-0.125	-0.25	LumB	-0.00781989	0.013688	0.00102577	0.0210706	0.00505278
TCGA-AR-A1AW	0	0	0	0	0	0	LumB	-0.00476337	0.0119711	-0.00181989	0.0179917	0.00367775
TCGA-AR-A1AX	0	0	0	0	0	0	LumA	-0.00901157	0.0160738	0.00218782	0.0257546	0.00656797
TCGA-AR-A1AY	0	-0.166666666666667	-0.166666666666667	-0.166666666666667	-0.333333333333333	-0.333333333333333	Basal	-0.00982155	0.0153381	0.00557201	0.0116969	0.00259054
TCGA-AR-A24H	-0.166666666666667	0.166666666666667	0.166666666666667	-0.333333333333333	0	0	LumB	-0.0162532	0.0214945	-0.0051191	0.0326215	0.00525659
TCGA-AR-A24K	-0.5	0.166666666666667	-0.5	0	0.666666666666667	0	LumB	-0.00271671	0.00746086	-0.00974797	0.0216146	0.00302145
TCGA-AR-A24L	0.375	-0.125	-0.25	0.291666666666667	-0.208333333333333	-0.333333333333333	LumB	-0.00510279	0.00876662	-0.00535294	0.0178318	0.00192264
TCGA-AR-A24M	0	0	0	0	0	0	LumA	-0.00180725	0.00568241	-0.0093208	0.0186312	0.00237967
TCGA-AR-A24N	0.333333333333333	0.222222222222222	-0.166666666666667	0.666666666666667	0.555555555555556	0.166666666666667	LumB	-0.00275927	0.00642495	-0.00915754	0.020564	0.0023428
TCGA-AR-A24O	0.166666666666667	0.166666666666667	-0.166666666666667	0.166666666666667	0.166666666666667	-0.166666666666667	LumA	-0.00332156	0.00696591	-0.00951269	0.0208249	0.00226385
TCGA-AR-A24P	0.45	0.05	-0.85	0.7	0.3	-0.6	LumA	-0.00319014	0.00774588	-0.00889691	0.0231084	0.00288098
TCGA-AR-A24Q	-0.166666666666667	-0.166666666666667	-0.666666666666667	-0.166666666666667	-0.166666666666667	-0.666666666666667	Basal	-0.00279919	0.00613107	-0.0100382	0.0194833	0.00130712
TCGA-AR-A24R	-0.6	-0.4	-0.75	-0.45	-0.25	-0.6	LumB	-0.00219076	0.00634951	-0.0109122	0.0208508	0.00191538
TCGA-AR-A24S	0	0	0	0	0	0	LumB	-0.00222576	0.0056513	-0.00875856	0.0195562	0.00201231
TCGA-AR-A24U	0.125	-0.166666666666667	0.125	-0.166666666666667	-0.458333333333333	-0.166666666666667	Her2	-0.00663063	0.0114874	-0.0094612	0.0251791	0.00329245
TCGA-AR-A24V	0.55	-0.4	-0.95	0.55	-0.4	-0.95	LumA	-0.00584206	0.0133899	-0.00566985	0.0270766	0.00541433
TCGA-AR-A24W	0	0	0	0	0	0	LumA	-0.00492104	0.0103144	-0.00795003	0.0245938	0.00421265
TCGA-AR-A24X	-0.1	-0.2	-0.5	0.1	0	-0.3	LumA	0.000132595	0.00319429	-0.00828628	0.0153065	0.00167578
TCGA-AR-A24Z	0	0	0	0	0	0	LumB	-0.00340858	0.00774587	-0.00899574	0.0214067	0.00322508
TCGA-AR-A250	0.125	-0.166666666666667	-0.25	0.25	-0.0416666666666667	-0.125	Her2	-0.00268913	0.006483	-0.0072868	0.0175038	0.00201036
TCGA-AR-A251	-0.458333333333333	-0.333333333333333	-0.5	-0.416666666666667	-0.291666666666667	-0.458333333333333	Basal	-0.00216614	0.00621709	-0.0087427	0.0174348	0.00160192
TCGA-AR-A252	-0.291666666666667	-0.166666666666667	0	-0.458333333333333	-0.333333333333333	-0.166666666666667	LumA	-0.00520078	0.0119273	-0.00464895	0.0245457	0.00554369
TCGA-AR-A254	-0.0416666666666667	0.166666666666667	-0.5	-0.125	0.0833333333333333	-0.583333333333333	Her2	-0.00241183	0.00633273	-0.0071333	0.0164123	0.00206048
TCGA-AR-A255	0	0.166666666666667	-0.166666666666667	0.166666666666667	0.333333333333333	0	LumA	-0.00846835	0.0128001	-0.00741937	0.0230108	0.00278422
TCGA-AR-A256	0.166666666666667	0	-0.333333333333333	-0.166666666666667	-0.333333333333333	-0.666666666666667	Basal	-0.00395765	0.00827891	-0.00832031	0.0196608	0.00204734
TCGA-AR-A2LE	0	-0.166666666666667	-0.666666666666667	0.333333333333333	0.166666666666667	-0.333333333333333	LumA	-0.00859466	0.0134437	-0.00511503	0.0212506	0.00319032
TCGA-AR-A2LH	-0.75	-0.25	-1.25	-0.5	0	-1	Normal	-0.0027722	0.00568807	-0.00776344	0.0153855	0.000861053
TCGA-AR-A2LJ	0.5	0.375	-0.0416666666666667	0.541666666666667	0.416666666666667	0	LumA	-0.0161678	-0.0155767	0.00361459	0.0073517	-0.00899187
TCGA-AR-A2LK	-0.4	0	-0.4	-0.4	0	-0.4	LumB	-0.00192145	0.00544595	-0.0109901	0.0191809	0.00136733
TCGA-AR-A2LL	0.25	0.125	-0.25	0.375	0.25	-0.125	LumB	-0.00637556	0.0119382	-0.0098733	0.0287773	0.00516099
TCGA-AR-A2LM	0.125	0.166666666666667	-0.25	-0.0833333333333333	-0.0416666666666667	-0.458333333333333	LumA	-0.012999	0.0168507	-0.00701228	0.026742	0.00334555
TCGA-AR-A2LN	-0.166666666666667	0	-0.166666666666667	-0.333333333333333	-0.166666666666667	-0.333333333333333	LumA	-0.00286839	0.00553206	-0.00780384	0.0154433	0.000674966
TCGA-AR-A2LO	0.333333333333333	0.166666666666667	-0.333333333333333	0.333333333333333	0.166666666666667	-0.333333333333333	LumA	-0.0051741	0.00886851	-0.00532852	0.0160817	0.00134547
TCGA-AR-A2LQ	0	0.166666666666667	0.5	-0.166666666666667	0	0.333333333333333	Normal	-0.00231552	0.00528344	-0.00672253	0.0139126	0.00133616
TCGA-AR-A2LR	-0.0625	-0.1875	-1	-0.125	-0.25	-1.0625	Basal	-0.0051902	0.00870739	-0.00970241	0.0217919	0.00135882
TCGA-AR-A5QM	-0.5	-0.166666666666667	-1	-0.333333333333333	0	-0.833333333333333	LumA	-0.0133823	-0.0162778	0.000615969	0.00986359	-0.00745812
TCGA-AR-A5QN	0.625	0.208333333333333	-0.416666666666667	0.416666666666667	0	-0.625	LumA	-0.0156517	-0.0168662	0.00457525	0.00693934	-0.00911297
TCGA-AR-A5QP	-0.0833333333333333	-0.166666666666667	-0.541666666666667	0.0833333333333333	0	-0.375	LumA	-0.0165463	-0.0179633	0.00485342	0.00743354	-0.0094442
TCGA-AR-A5QQ	-1	0	0	-1	0	0	Basal	-0.0232431	-0.0131735	0.00971695	0.00275502	-0.0110391
TCGA-B6-A0I2	0.8	0.4	0.6	0.4	0	0.2	Basal	-0.0153909	0.0237508	0.0162522	0.0123001	0.00572357
TCGA-B6-A0I5	-0.125	-0.416666666666667	-0.791666666666667	-0.125	-0.416666666666667	-0.791666666666667	LumA	-0.00337398	0.00758088	-0.000961973	0.0108436	0.000940122
TCGA-B6-A0IA	-0.65	-0.35	-0.85	-0.65	-0.35	-0.85	LumB	-0.00210237	0.00666961	-0.000966404	0.0101796	0.000770668
TCGA-B6-A0IB	-0.5	0	-0.5	-0.333333333333333	0.166666666666667	-0.333333333333333	LumB	-0.00203277	0.00497094	-0.00377794	0.0102328	-3.48251e-05
TCGA-B6-A0IC	-0.5	-0.166666666666667	-0.666666666666667	-0.333333333333333	0	-0.5	LumB	-0.00844669	0.0130793	0.00429685	0.00772621	-0.001535
TCGA-B6-A0IH	-0.166666666666667	0.166666666666667	0.166666666666667	-0.166666666666667	0.166666666666667	0.166666666666667	LumA	-0.00565126	0.00993772	-0.0016177	0.0148539	0.00199298
TCGA-B6-A0IK	0.0833333333333333	-0.125	-0.916666666666667	0.166666666666667	-0.0416666666666667	-0.833333333333333	Her2	-0.00867629	0.0198905	0.0324975	-0.0126729	-0.00419856
TCGA-B6-A0IN	-0.333333333333333	-0.166666666666667	-0.333333333333333	-0.333333333333333	-0.166666666666667	-0.333333333333333	LumB	-0.00410773	0.0106492	0.00353079	0.0159134	0.00343166
TCGA-B6-A0RG	-0.166666666666667	0	-0.166666666666667	0	0.166666666666667	0	LumA	-0.00795894	0.0184475	0.0308944	-0.0108462	-0.00411473
TCGA-B6-A0RI	0	0	0	0	0	0	LumB	-0.00657837	0.0175396	0.0301947	-0.0101333	-0.0033641
TCGA-B6-A0RN	0.166666666666667	0.166666666666667	0.166666666666667	-0.166666666666667	-0.166666666666667	-0.166666666666667	LumA	-0.0063354	0.0106986	4.1033e-06	0.0134245	0.00410859
TCGA-B6-A0RO	-0.5	0	-0.333333333333333	-0.166666666666667	0.333333333333333	0	LumA	-0.00714425	0.0139865	-0.000305594	0.0159398	0.00433169
TCGA-B6-A0RP	-0.2	0	-0.6	0	0.2	-0.4	LumA	-0.0134951	0.0222744	0.00829637	0.00856908	0.00268365
TCGA-B6-A0RS	-0.65	0.15	-0.2	-0.8	0	-0.35	Her2	-0.00252972	0.00776503	-0.00233157	0.0148516	0.0033909
TCGA-B6-A0RT	-0.166666666666667	-0.166666666666667	-0.833333333333333	-0.166666666666667	-0.166666666666667	-0.833333333333333	Basal	-0.00218009	0.00537677	-0.00427082	0.0130308	0.00118363
TCGA-B6-A0RU	-0.666666666666667	-0.166666666666667	-0.666666666666667	-0.5	0	-0.5	Basal	-0.0148481	0.0199712	0.00444026	0.0114947	0.000692075
TCGA-B6-A0RV	0.2	0.2	-0.2	0	0	-0.4	LumA	-0.00361791	0.00631471	-0.00379063	0.0146288	0.00154459
TCGA-B6-A0WT	0	0	0	0	0	0	LumA	-0.00631763	0.0136237	0.00108016	0.0136259	0.00413776
TCGA-B6-A0WV	0	0	-0.333333333333333	-0.166666666666667	-0.166666666666667	-0.5	LumB	-0.00760837	0.0135334	0.00229995	0.0212593	0.00477912
TCGA-B6-A0WY	-0.291666666666667	-0.333333333333333	-1.04166666666667	-0.291666666666667	-0.333333333333333	-1.04166666666667	LumA	-0.00868946	0.015375	0.00134945	0.0175102	0.00544321
TCGA-B6-A0X0	-0.291666666666667	-0.583333333333333	-0.875	-0.125	-0.416666666666667	-0.708333333333333	LumA	0.00163926	0.00170956	-0.00597516	0.0147772	0.00129949
TCGA-B6-A0X1	0	0	0	0	0	0	Basal	-0.00627507	0.0128727	0.00227498	0.0119933	0.00336981
TCGA-B6-A0X4	-0.0416666666666667	-0.125	-0.458333333333333	0	-0.0833333333333333	-0.416666666666667	LumA	-0.0113158	0.0160965	0.000311473	0.0197005	0.00527076
TCGA-B6-A1KC	-0.5	-0.0416666666666667	-0.25	-0.458333333333333	0	-0.208333333333333	LumB	-0.00374671	0.00879103	-0.000186037	0.0126676	0.00305526
TCGA-B6-A1KF	0.625	0.125	-0.125	0.541666666666667	0.0416666666666667	-0.208333333333333	Basal	-0.0036465	0.00938795	0.000898606	0.0124035	0.00271898
TCGA-B6-A1KI	0.625	0.208333333333333	-0.0416666666666667	0.25	-0.166666666666667	-0.416666666666667	LumA	-0.00217338	0.00663039	-0.00157845	0.0112762	0.00113317
TCGA-B6-A1KN	0.666666666666667	0.5	0.166666666666667	0.5	0.333333333333333	0	LumB	-0.00174332	0.00524704	-0.00798772	0.0162298	0.00169093
TCGA-B6-A40B	0.0416666666666667	-0.125	-0.375	0.166666666666667	0	-0.25	LumA	-0.0234037	-0.0131678	0.00934298	0.00691624	-0.0110295
TCGA-B6-A40C	0.916666666666667	0.625	-0.166666666666667	0.583333333333333	0.291666666666667	-0.5	LumB	-0.0123412	-0.0178286	0.00154788	0.00707777	-0.00795178
TCGA-BH-A0AW	-0.125	0.291666666666667	-0.666666666666667	0.125	0.541666666666667	-0.416666666666667	Her2	-0.0107017	0.0223228	0.035762	-0.0133833	-0.00364302
TCGA-BH-A0AY	0.833333333333333	0.5	-0.0416666666666667	0.416666666666667	0.0833333333333333	-0.458333333333333	LumB	-0.0048941	0.0163998	0.0266313	0.0048229	0.000962878
TCGA-BH-A0B3	-0.6	-0.55	-0.9	-0.4	-0.35	-0.7	Basal	-0.0113812	0.0234342	0.0365146	-0.0126232	-0.00306115
TCGA-BH-A0B4	-0.166666666666667	-0.166666666666667	-0.5	0.166666666666667	0.166666666666667	-0.166666666666667	LumB	-0.00526015	0.0158822	0.0280287	-0.00661435	-0.00301737
TCGA-BH-A0B6	-0.4	-0.2	-0.8	-0.2	0	-0.6	LumA	-0.0162796	-0.0159752	0.00519362	0.00652762	-0.00956278
TCGA-BH-A0B7	-0.166666666666667	-0.166666666666667	-0.333333333333333	0	0	-0.166666666666667	Her2	-0.0160584	0.0230312	0.0116357	0.0217562	0.006068
TCGA-BH-A0B9	0.166666666666667	0.166666666666667	-0.166666666666667	-0.166666666666667	-0.166666666666667	-0.5	Basal	-0.00953114	0.0220253	0.0348426	-0.0148976	-0.00222561
TCGA-BH-A0BA	-0.166666666666667	0.166666666666667	-0.166666666666667	0	0.333333333333333	0	LumA	-0.00694348	0.0202593	0.0338005	-0.00356702	-0.000724098
TCGA-BH-A0BC	-0.6	0	-0.4	-0.4	0.2	-0.2	LumA	-0.00120817	0.00392905	-0.00595531	0.0137686	0.000531812
TCGA-BH-A0BD	0	0.4	0.4	-0.2	0.2	0.2	LumB	-0.0130678	0.0231863	0.010559	0.0193436	0.00666242
TCGA-BH-A0BG	0.55	0.4	-0.25	1.05	0.9	0.25	Basal	-0.00706137	0.0130191	-0.00165042	0.00980117	0.000370715
TCGA-BH-A0BJ	-0.5	0.166666666666667	0.166666666666667	-0.5	0.166666666666667	0.166666666666667	LumA	0.00070425	0.0100095	0.0204244	0.00277052	0.0010266
TCGA-BH-A0BL	-0.5	-0.333333333333333	0	-0.333333333333333	-0.166666666666667	0.166666666666667	Basal	-0.00595214	0.0112308	0.0011169	0.021765	0.00468343
TCGA-BH-A0BM	0.333333333333333	0	-0.25	0.25	-0.0833333333333333	-0.333333333333333	LumA	-0.00704816	0.0204564	0.0324572	-0.00189185	0.00037508
TCGA-BH-A0BO	0.6	0.2	0.2	0.4	0	0	LumA	-0.00889522	0.0149757	0.000620177	0.0271982	0.0066196
TCGA-BH-A0BP	0.166666666666667	-0.166666666666667	-0.333333333333333	0.333333333333333	0	-0.166666666666667	LumA	-0.00154339	0.0049358	-0.00440064	0.0187473	0.00242133
TCGA-BH-A0BQ	-0.166666666666667	-0.166666666666667	-0.166666666666667	-0.166666666666667	-0.166666666666667	-0.166666666666667	LumA	-0.00475736	0.00853538	-0.00194348	0.0216033	0.0036506
TCGA-BH-A0BV	-0.791666666666667	-0.416666666666667	-0.875	-0.625	-0.25	-0.708333333333333	LumA	-0.00924679	0.0229009	0.0344717	-0.000831886	0.000261409
TCGA-BH-A0C0	0	0.166666666666667	-0.333333333333333	0	0.166666666666667	-0.333333333333333	LumB	-0.00671274	0.0201148	0.0332869	-0.00544961	0.0014821
TCGA-BH-A0C1	0	-0.166666666666667	-1.33333333333333	0.333333333333333	0.166666666666667	-1	LumB	-0.00728308	0.012821	-0.00127782	0.0254601	0.00560124
TCGA-BH-A0C7	0	0	0	0	0	0	LumB	-0.00540138	0.0122579	0.000125456	0.0219351	0.00662293
TCGA-BH-A0DE	0.0833333333333333	0	-0.791666666666667	0.208333333333333	0.125	-0.666666666666667	LumA	-0.0017267	0.00443761	-0.00635522	0.0163703	0.00123602
TCGA-BH-A0DH	0.25	-0.0416666666666667	-0.208333333333333	0.25	-0.0416666666666667	-0.208333333333333	LumA	-0.00321314	0.00642307	-0.00413282	0.010115	-0.000310337
TCGA-BH-A0DK	0.166666666666667	0.0833333333333333	-0.125	0.0416666666666667	-0.0416666666666667	-0.25	LumA	-0.00590133	0.0194887	0.031953	0.00141805	0.000483725
TCGA-BH-A0DL	-0.166666666666667	0.166666666666667	-0.125	-0.0416666666666667	0.291666666666667	0	Basal	-0.00352989	0.00578915	-0.00453626	0.0152161	0.000909029
TCGA-BH-A0DP	-0.625	-0.208333333333333	-0.416666666666667	-0.583333333333333	-0.166666666666667	-0.375	LumA	-0.00981814	0.0241198	0.0387866	-0.00648137	-0.00149978
TCGA-BH-A0DQ	0.6	0.75	0	0.35	0.5	-0.25	LumA	-0.0105841	0.0143286	-0.00125986	0.015754	0.00114923
TCGA-BH-A0DS	0.333333333333333	-0.0416666666666667	0	0.458333333333333	0.0833333333333333	0.125	LumA	-0.00408013	0.0154731	0.0257694	-0.0115746	-0.002441
TCGA-BH-A0DX	-0.5	-0.333333333333333	-0.666666666666667	-0.333333333333333	-0.166666666666667	-0.5	LumB	-0.000512579	0.00274293	-0.00562204	0.0133076	0.000572628
TCGA-BH-A0DZ	-0.666666666666667	-0.333333333333333	-0.666666666666667	-0.666666666666667	-0.333333333333333	-0.666666666666667	Her2	-0.0101028	0.0237126	0.0344046	-0.000843421	0.000143191
TCGA-BH-A0E0	0.541666666666667	0.0416666666666667	-0.708333333333333	0.5	0	-0.75	Basal	-0.007082	0.0204425	0.03238	-0.000964826	-0.000206162
TCGA-BH-A0E1	-0.166666666666667	0.166666666666667	0	-0.333333333333333	0	-0.166666666666667	LumB	-0.0125376	0.0271411	0.0408154	-0.0076009	-0.00163591
TCGA-BH-A0E7	-0.333333333333333	0	0.166666666666667	-0.5	-0.166666666666667	0	LumA	-0.00333445	0.00745154	-0.000586225	0.0108664	0.000593325
TCGA-BH-A0E9	-0.5	0	-0.333333333333333	-0.5	0	-0.333333333333333	LumA	-0.00117669	0.00459655	-0.00454482	0.0121234	0.000138197
TCGA-BH-A0EA	0.458333333333333	-0.291666666666667	-0.416666666666667	0.708333333333333	-0.0416666666666667	-0.166666666666667	LumA	-0.00831442	0.013115	-0.00943073	0.0286435	0.00492082
TCGA-BH-A0EB	-0.625	-0.5	-0.958333333333333	-0.416666666666667	-0.291666666666667	-0.75	LumA	-0.00319022	0.00648971	-0.00134836	0.00986083	-0.000405854
TCGA-BH-A0EE	0.35	-0.35	-0.15	0.45	-0.25	-0.05	Her2	-0.005847	0.0105533	0.00156847	0.00909815	0.000232661
TCGA-BH-A0EI	-0.208333333333333	-0.291666666666667	-0.791666666666667	0.0833333333333333	0	-0.5	LumA	-0.00420027	0.0074819	-0.00217011	0.0142722	0.00132369
TCGA-BH-A0GY	-0.833333333333333	0	-0.166666666666667	-0.833333333333333	0	-0.166666666666667	LumA	-0.00668507	0.0171589	0.0289411	-0.0104049	-0.00450649
TCGA-BH-A0GZ	-0.35	-0.05	-0.4	-0.3	0	-0.35	LumA	-0.00945671	0.0214242	0.0340014	-0.0138649	-0.00119445
TCGA-BH-A0H0	0.166666666666667	-0.541666666666667	-1.54166666666667	0.0833333333333333	-0.625	-1.625	LumB	-0.00918954	0.0212277	0.0334295	-0.0141042	-0.0042499
TCGA-BH-A0H5	-0.6	-0.2	-1	-0.4	0	-0.8	LumA	-0.0072308	0.0145866	0.000528975	0.0214532	0.00621988
TCGA-BH-A0H6	-0.5	-0.166666666666667	-1	-0.333333333333333	0	-0.833333333333333	LumA	-0.00822981	0.0197741	0.0315326	-0.0103165	-0.00407623
TCGA-BH-A0H7	0.3	-0.2	0	0	-0.5	-0.3	LumB	-0.00660193	0.0202072	0.0335969	-0.00535269	0.000858919
TCGA-BH-A0H9	0	0	0	0	0	0	LumB	-0.0106958	0.0231278	0.0357814	-0.0142059	-0.00348894
TCGA-BH-A0HB	-0.15	-0.4	-0.4	0	-0.25	-0.25	LumB	-0.0087427	0.0206258	0.0340469	-0.013147	-0.00381204
TCGA-BH-A0HI	-1.16666666666667	-0.166666666666667	-0.666666666666667	-1	0	-0.5	LumA	-0.0046089	0.00784474	-0.00232579	0.013737	0.00124343
TCGA-BH-A0HK	0.05	0.15	0.05	0.2	0.3	0.2	LumA	-0.00834022	0.0217564	0.0358329	-0.00681644	-0.000602321
TCGA-BH-A0HO	0.95	0.05	-0.2	0.85	-0.05	-0.3	LumA	-0.00161477	0.00656948	-0.00107784	0.00925065	0.00122427
TCGA-BH-A0HP	-0.166666666666667	-0.166666666666667	-0.833333333333333	-0.333333333333333	-0.333333333333333	-1	LumA	-0.0139726	0.0185763	0.00867254	0.0035918	-0.00144607
TCGA-BH-A0HQ	0	0	0	0	0	0	LumA	-0.00173249	0.00663547	-0.00198866	0.00978822	0.00109409
TCGA-BH-A0HU	-0.5	0	-0.5	-0.166666666666667	0.333333333333333	-0.166666666666667	LumB	-0.00150691	0.00549049	-0.00182862	0.0104067	0.00149643
TCGA-BH-A0HX	-0.291666666666667	0.125	0	-0.416666666666667	0	-0.125	LumB	-0.00876936	0.020877	0.0338013	-0.0127921	-0.00327746
TCGA-BH-A0HY	-0.333333333333333	0	0.166666666666667	-0.5	-0.166666666666667	0	Her2	-0.00837679	0.0205353	0.0338304	-0.0152675	-0.00109041
TCGA-BH-A0W4	0.25	-0.166666666666667	0.291666666666667	-0.166666666666667	-0.583333333333333	-0.125	LumA	-0.00474458	0.0113626	-0.00110365	0.0154762	0.00526087
TCGA-BH-A0W5	0	0	0	0	0	0	LumA	-0.00385335	0.00683019	-0.00211999	0.0136244	0.000598001
TCGA-BH-A0W7	-0.166666666666667	-0.166666666666667	-0.583333333333333	-0.291666666666667	-0.291666666666667	-0.708333333333333	LumB	-0.00523183	0.0108836	-0.000660344	0.0180037	0.00526388
TCGA-BH-A0WA	0	0.2	0	0	0.2	0	Basal	-0.00439986	0.00713521	-0.00271173	0.0143183	0.000949026
TCGA-BH-A18G	-0.666666666666667	-0.458333333333333	-0.625	-0.416666666666667	-0.208333333333333	-0.375	Basal	-0.00572218	0.00984955	-0.000288985	0.0203295	0.00511688
TCGA-BH-A18H	-0.416666666666667	-0.208333333333333	-0.0833333333333333	-0.541666666666667	-0.333333333333333	-0.208333333333333	LumA	-0.0119565	0.0187972	0.00649767	0.0193236	0.00528564
TCGA-BH-A18I	-0.6	0	-0.4	-0.4	0.2	-0.2	LumA	-0.00821153	0.0143235	0.000242662	0.0214054	0.0043153
TCGA-BH-A201	0.166666666666667	0.166666666666667	-0.166666666666667	0	0	-0.333333333333333	Normal	-0.00563759	0.013126	-0.00684193	0.0323945	0.00752055
TCGA-BH-A202	0.208333333333333	0	-0.25	0	-0.208333333333333	-0.458333333333333	LumB	-0.00447097	0.0110278	-0.0057465	0.0276138	0.00539143
TCGA-BH-A28O	-0.333333333333333	0	-0.5	-0.333333333333333	0	-0.5	Normal	-0.0192437	-0.0151039	0.00517403	0.00736041	-0.00987851
TCGA-BH-A28Q	-0.25	-0.666666666666667	-0.5	0	-0.416666666666667	-0.25	LumA	-0.00789935	0.0133113	-0.00572192	0.0219281	0.00313897
TCGA-BH-A2L8	0	0	-0.166666666666667	0	0	-0.166666666666667	LumA	-0.00194355	0.00562581	-0.00952002	0.0178383	0.00210864
TCGA-BH-A6R9	0	0	0	0	0	0	Basal	-0.0138637	-0.0184834	0.00326504	0.00314731	-0.00957776
TCGA-BH-A8FZ	0.45	0.4	-0.05	0.2	0.15	-0.3	Normal	-0.0252742	-0.012782	0.00592685	0.00124412	-0.0135217
TCGA-BH-A8G0	0.291666666666667	-0.333333333333333	-0.541666666666667	0.583333333333333	-0.0416666666666667	-0.25	LumA	-0.020954	-0.0159616	0.00402951	0.00278373	-0.00978608
TCGA-D8-A13Y	0.416666666666667	0.125	-0.125	0.666666666666667	0.375	0.125	LumB	-0.00341423	0.00624238	-0.00366286	0.011678	0.000366077
TCGA-D8-A13Z	-0.4	0	-0.95	-0.55	-0.15	-1.1	Her2	-0.00336955	0.00828301	-0.00575573	0.0118321	0.000821396
TCGA-D8-A140	-0.208333333333333	0.25	0.208333333333333	-0.5	-0.0416666666666667	-0.0833333333333333	LumB	-0.00564071	0.00898171	-0.00189846	0.0150998	0.00151362
TCGA-D8-A141	0.333333333333333	-0.375	-0.166666666666667	0.458333333333333	-0.25	-0.0416666666666667	LumA	-0.00599741	0.00990819	-0.0017777	0.0136084	0.000961778
TCGA-D8-A142	0.166666666666667	0.166666666666667	-0.333333333333333	0	0	-0.5	Basal	-0.0110679	0.0166532	0.00339599	0.0258587	0.00676558
TCGA-D8-A143	0.166666666666667	0.166666666666667	0	-0.166666666666667	-0.166666666666667	-0.333333333333333	Basal	-0.00494939	0.0102036	-0.00263798	0.0159534	0.0033854
TCGA-D8-A145	-0.166666666666667	0.166666666666667	0.166666666666667	0	0.333333333333333	0.333333333333333	LumA	-0.00529938	0.00855827	-0.00170151	0.0131047	0.000708261
TCGA-D8-A146	-0.333333333333333	0	-0.5	0.166666666666667	0.5	0	LumA	-0.00405628	0.00823412	-0.00286912	0.010977	0.000119978
TCGA-D8-A147	-0.333333333333333	-0.166666666666667	-0.833333333333333	-0.166666666666667	0	-0.666666666666667	Basal	-0.00276746	0.00548712	-0.00375738	0.0136862	0.000380845
TCGA-D8-A1J8	0.25	0	-0.75	0.75	0.5	-0.25	LumB	-0.00431503	0.00791169	-0.0103697	0.0207917	0.00168442
TCGA-D8-A1J9	-0.333333333333333	-0.666666666666667	-1	-0.166666666666667	-0.5	-0.833333333333333	Her2	-0.0054223	0.0120344	-0.00536868	0.0263199	0.00522984
TCGA-D8-A1JA	0	0	-0.5	0.166666666666667	0.166666666666667	-0.333333333333333	Her2	-0.00333514	0.00805846	-0.000600096	0.0131896	0.00194283
TCGA-D8-A1JB	-0.25	-0.208333333333333	0.208333333333333	-0.375	-0.333333333333333	0.0833333333333333	LumA	-0.00426369	0.0108843	-0.00402768	0.0220843	0.00445956
TCGA-D8-A1JC	-1	-0.166666666666667	-0.666666666666667	-0.833333333333333	0	-0.5	LumB	-0.0051264	0.0124441	-0.00572026	0.030085	0.00651652
TCGA-D8-A1JD	-0.333333333333333	-0.166666666666667	-0.5	-0.333333333333333	-0.166666666666667	-0.5	LumB	-0.00799253	0.0134585	-0.00403809	0.0209507	0.00299347
TCGA-D8-A1JE	-0.2	0.1	-0.1	-0.15	0.15	-0.05	LumB	0.0033354	0.00167586	-0.00789489	0.0139261	0.00252907
TCGA-D8-A1JF	0.333333333333333	-0.625	-0.875	0.5	-0.458333333333333	-0.708333333333333	Her2	-0.00584653	0.0106892	-0.00446972	0.0185887	0.00314435
TCGA-D8-A1JG	-0.8	-0.2	-0.2	-0.6	0	0	Her2	-0.0032361	0.00709606	-0.00829151	0.0181361	0.0017703
TCGA-D8-A1JH	0	0.166666666666667	0	0.166666666666667	0.333333333333333	0.166666666666667	LumA	-0.0064254	0.0142864	-0.00375093	0.0286483	0.00592918
TCGA-D8-A1JI	0.166666666666667	-0.791666666666667	-1.16666666666667	0.125	-0.833333333333333	-1.20833333333333	LumB	-0.00423535	0.00796671	-0.00830396	0.0216534	0.00258285
TCGA-D8-A1JJ	-0.291666666666667	-0.166666666666667	-0.75	-0.25	-0.125	-0.708333333333333	LumB	-0.00478809	0.011023	-0.00760166	0.0302556	0.00551114
TCGA-D8-A1JK	-0.4	-0.8	-1	-0.2	-0.6	-0.8	Her2	-0.00369389	0.00900516	-0.011784	0.0257483	0.00397956
TCGA-D8-A1JL	0	0	-0.666666666666667	0	0	-0.666666666666667	Basal	-0.00856702	0.0164523	-0.00311894	0.033619	0.00736241
TCGA-D8-A1JM	-0.0833333333333333	-0.166666666666667	-0.666666666666667	0.208333333333333	0.125	-0.375	Basal	-0.0115318	0.0163228	-0.00840836	0.0292875	0.00408494
TCGA-D8-A1JN	-0.666666666666667	-0.333333333333333	-0.666666666666667	-0.5	-0.166666666666667	-0.5	LumA	-0.00507831	0.0120468	-0.00423476	0.024492	0.00546402
TCGA-D8-A1JP	0.15	0.05	-0.45	-0.1	-0.2	-0.7	LumB	-0.00737974	0.0127151	-0.00434155	0.0207766	0.00323979
TCGA-D8-A1JS	0.0416666666666667	-0.291666666666667	-0.333333333333333	0.291666666666667	-0.0416666666666667	-0.0833333333333333	LumA	-0.010648	0.018598	-0.00307611	0.0286683	0.00603268
TCGA-D8-A1JT	-0.4	0.2	0	-0.6	0	-0.2	LumB	-0.00353277	0.00733337	-0.00849965	0.0173952	0.00159305
TCGA-D8-A1JU	0	0	0	0	0	0	LumA	-0.00520621	0.0101525	-0.0104167	0.0243641	0.00351932
TCGA-D8-A1X5	0.458333333333333	0.458333333333333	0	0.125	0.125	-0.333333333333333	LumB	0.00138003	0.0026795	-0.0111864	0.0159668	0.00167962
TCGA-D8-A1X6	-0.75	-0.166666666666667	-0.708333333333333	-0.583333333333333	0	-0.541666666666667	LumB	0.00309482	-0.000102952	-0.00724288	0.00941952	0.000189553
TCGA-D8-A1X7	-0.5	0	0	-0.666666666666667	-0.166666666666667	-0.166666666666667	LumB	-0.00115738	0.00444599	-0.00941207	0.017234	0.00187768
TCGA-D8-A1X8	-0.0416666666666667	-0.583333333333333	-0.583333333333333	-0.166666666666667	-0.708333333333333	-0.708333333333333	LumA	-0.00095835	0.00542611	-0.00592446	0.0169049	0.00237788
TCGA-D8-A1X9	0	0	-0.8	0.2	0.2	-0.6	LumB	-0.00116545	0.00495664	-0.00865193	0.0152685	0.00128271
TCGA-D8-A1XA	-0.333333333333333	-0.333333333333333	-1.33333333333333	-0.166666666666667	-0.166666666666667	-1.16666666666667	LumA	-0.00691268	0.0146531	-0.00507027	0.0310777	0.00684589
TCGA-D8-A1XB	-0.166666666666667	0	-0.166666666666667	-0.166666666666667	0	-0.166666666666667	LumA	-0.00612817	0.0133959	-0.00430312	0.0312576	0.00684701
TCGA-D8-A1XC	-0.166666666666667	0	-0.5	-0.166666666666667	0	-0.5	LumA	-0.000866694	0.00689904	-0.00551113	0.0206796	0.00486985
TCGA-D8-A1XF	-0.208333333333333	0.0416666666666667	-0.5	0.0416666666666667	0.291666666666667	-0.25	LumB	-0.00509131	0.0126209	-0.0053266	0.0281369	0.00602052
TCGA-D8-A1XG	0.0416666666666667	-0.375	-0.458333333333333	-0.0416666666666667	-0.458333333333333	-0.541666666666667	LumA	-0.00937973	0.013826	-0.0102286	0.030528	0.00462001
TCGA-D8-A1XJ	0	0	0	0	0	0	Her2	-0.00236849	0.00670723	-0.00252924	0.0109248	0.000229573
TCGA-D8-A1XK	-0.125	0	0.0416666666666667	-0.25	-0.125	-0.0833333333333333	Basal	-0.00370243	0.00691162	-0.00937287	0.0191075	0.00148843
TCGA-D8-A1XL	0.45	-0.5	-1.1	0.95	0	-0.6	LumB	-0.000188025	0.00561773	-0.00609971	0.0226063	0.00427854
TCGA-D8-A1XM	-0.333333333333333	0.166666666666667	0.166666666666667	-0.5	0	0	LumA	-0.000966649	0.00680358	-0.00507978	0.0221386	0.00445984
TCGA-D8-A1XO	0.0416666666666667	0.166666666666667	-0.125	-0.291666666666667	-0.166666666666667	-0.458333333333333	LumA	-0.00229536	0.00817737	-0.00565758	0.0241563	0.00441221
TCGA-D8-A1XQ	-0.333333333333333	-0.333333333333333	0.166666666666667	-0.0416666666666667	-0.0416666666666667	0.458333333333333	Basal	-0.00696552	0.014534	-0.00254434	0.0280564	0.0060905
TCGA-D8-A1XR	0.166666666666667	0.333333333333333	0.666666666666667	-0.166666666666667	0	0.333333333333333	LumB	-0.0044748	0.0112829	-0.006488	0.0306943	0.00585992
TCGA-D8-A1XS	0	0	-0.4	0.2	0.2	-0.2	LumB	-0.00134024	0.00459961	-0.00997827	0.0162055	0.000756607
TCGA-D8-A1XT	-0.6	-0.2	-0.4	-0.6	-0.2	-0.4	Her2	-0.00285345	0.00883161	-0.0086177	0.0278876	0.0047482
TCGA-D8-A1XU	-0.5	-0.166666666666667	-1	-0.333333333333333	0	-0.833333333333333	LumA	-0.00546772	0.0133379	-0.00772866	0.0339472	0.00708909
TCGA-D8-A1XV	0	0	-0.666666666666667	0	0	-0.666666666666667	LumB	-0.00695504	0.0140381	-0.00511537	0.0295801	0.00586537
TCGA-D8-A1XW	-0.5	-0.111111111111111	-0.0555555555555556	-0.5	-0.111111111111111	-0.0555555555555556	Basal	-0.00687946	0.013271	-0.00501947	0.0289186	0.00574828
TCGA-D8-A1XY	-0.95	-0.15	-0.4	-0.8	0	-0.25	LumA	-0.00317888	0.00892031	-0.00763995	0.0272103	0.00489144
TCGA-D8-A1XZ	-0.7	-0.55	-1.45	-0.35	-0.2	-1.1	LumB	-0.00647516	0.0134426	-0.00476456	0.0291536	0.00603868
TCGA-D8-A1Y0	0	0	0	0	0	0	LumB	-0.0086562	0.0176949	-0.00524945	0.0347647	0.00840517
TCGA-D8-A1Y1	-0.8	-0.2	-0.6	-0.8	-0.2	-0.6	LumB	-0.00223555	0.0053637	-0.0101942	0.0179025	0.00152781
TCGA-D8-A1Y2	-0.166666666666667	0.0555555555555555	-0.111111111111111	-0.166666666666667	0.0555555555555556	-0.111111111111111	LumB	-0.00574105	0.0107907	-0.0132423	0.0251595	0.00207933
TCGA-D8-A1Y3	0.0833333333333333	0.416666666666667	0.291666666666667	-0.0416666666666667	0.291666666666667	0.166666666666667	LumB	-0.00713353	0.0134861	-0.00271034	0.0228816	0.00471439
TCGA-D8-A27E	0	-0.166666666666667	-0.333333333333333	0	-0.166666666666667	-0.333333333333333	LumA	-0.00676838	0.0119027	-0.0055636	0.0200932	0.00290488
TCGA-D8-A27F	-0.05	0.05	-0.4	-0.3	-0.2	-0.65	Basal	-0.00151806	0.00565983	-0.00898123	0.0181352	0.00213092
TCGA-D8-A27G	0.5	0.15	0.1	0.65	0.3	0.25	LumB	-0.00257829	0.00644178	-0.00979183	0.0203436	0.00279671
TCGA-D8-A27I	-0.25	0.0416666666666667	0.0833333333333333	-0.5	-0.208333333333333	-0.166666666666667	LumA	-0.000592604	0.00392652	-0.00728458	0.0153454	0.00150993
TCGA-D8-A27K	0	-0.166666666666667	-1	0.333333333333333	0.166666666666667	-0.666666666666667	LumA	-0.007189	0.0155081	-0.00490362	0.0299373	0.00582962
TCGA-D8-A27L	0.333333333333333	0.111111111111111	-0.111111111111111	0.333333333333333	0.111111111111111	-0.111111111111111	LumA	-0.0068088	0.0151904	-0.00354677	0.0293693	0.00675052
TCGA-D8-A27M	0.166666666666667	0	-0.166666666666667	0.166666666666667	0	-0.166666666666667	Basal	0.000726376	0.00270931	-0.00809713	0.0142189	0.00138789
TCGA-D8-A27N	0	0	0	0	0	0	Her2	-0.0030497	0.00736181	-0.00611008	0.0160986	0.00225002
TCGA-D8-A27P	0	0	0	0	0	0	LumA	-0.00674076	0.01056	-0.00834791	0.0229821	0.00253645
TCGA-D8-A27R	0	0.333333333333333	0.5	-0.166666666666667	0.166666666666667	0.333333333333333	LumB	-0.00854497	0.0137147	-0.00419298	0.0194295	0.00254443
TCGA-D8-A27T	-0.8	0	-0.6	-0.6	0.2	-0.4	LumB	-0.00388084	0.0082846	-0.00655134	0.0183699	0.00246543
TCGA-D8-A27V	0	0	0	0	0	0	LumA	-0.00354118	0.00806171	-0.00678443	0.0174603	0.00251787
TCGA-D8-A27W	-0.0416666666666667	0.125	-0.541666666666667	0.125	0.291666666666667	-0.375	LumB	0.000347703	0.00335259	-0.00843957	0.0156015	0.00138793
TCGA-D8-A3Z5	-0.125	-0.5	-0.291666666666667	0	-0.375	-0.166666666666667	LumA	-0.0118788	-0.0170499	0.00106703	0.00719461	-0.00824733
TCGA-D8-A3Z6	-0.5	-0.25	-1	-0.25	0	-0.75	LumA	-0.0146211	-0.0176808	0.00222421	0.00999667	-0.0090518
TCGA-D8-A4Z1	-0.333333333333333	0	-0.5	-0.333333333333333	0	-0.5	LumA	-0.0139071	-0.0173885	0.0017746	0.00861331	-0.00889347
TCGA-D8-A73U	-0.4	0	0.2	-0.4	0	0.2	LumA	-0.0150387	-0.0170857	0.00406093	0.00300496	-0.009271
TCGA-D8-A73W	-0.333333333333333	0	0	-0.166666666666667	0.166666666666667	0.166666666666667	LumB	-0.0177832	-0.0168927	0.00607287	0.000812494	-0.0114946
TCGA-D8-A73X	-0.166666666666667	0.333333333333333	0.5	-0.333333333333333	0.166666666666667	0.333333333333333	LumA	-0.0211093	-0.0165531	0.0073746	0.00102778	-0.0114638
TCGA-E2-A10C	-0.25	-0.333333333333333	-0.458333333333333	-0.125	-0.208333333333333	-0.333333333333333	LumB	-0.00528489	0.0115824	-0.000254128	0.0167424	0.00570982
TCGA-E2-A14N	0	0.333333333333333	0.333333333333333	-0.333333333333333	0	0	Basal	-0.00660783	0.011281	-0.000264698	0.0215442	0.00425306
TCGA-E2-A14O	-0.166666666666667	1	-0.25	0.166666666666667	1.33333333333333	0.0833333333333333	LumB	0.0022869	0.000955627	-0.00573541	0.0126964	0.0016317
TCGA-E2-A14P	-0.333333333333333	0	-0.166666666666667	-0.166666666666667	0.166666666666667	0	Her2	-0.00811455	0.0132489	0.0021594	0.0184438	0.00366505
TCGA-E2-A14Q	-0.166666666666667	0.166666666666667	0.333333333333333	-0.5	-0.166666666666667	0	LumA	0.00138899	0.00221794	-0.00577153	0.0106487	0.00291244
TCGA-E2-A14R	-0.333333333333333	-0.333333333333333	-1	-0.166666666666667	-0.166666666666667	-0.833333333333333	Basal	-0.00576581	0.00967058	-0.000780132	0.0142865	0.0015471
TCGA-E2-A14T	0.208333333333333	-0.166666666666667	-0.375	0.458333333333333	0.0833333333333333	-0.125	LumA	-0.00404081	0.00773193	-0.00422388	0.021864	0.00319722
TCGA-E2-A14U	-0.166666666666667	0	-0.166666666666667	0	0.166666666666667	0	LumA	-0.0186673	-0.0171363	0.00545759	0.00286774	0.0040545
TCGA-E2-A14V	0.666666666666667	0	-0.333333333333333	0	-0.666666666666667	-1	Her2	-0.00372371	0.00801657	-0.00186317	0.0189834	0.00504479
TCGA-E2-A14W	-0.333333333333333	-0.166666666666667	-0.0833333333333333	-0.416666666666667	-0.25	-0.166666666666667	LumB	-0.00828966	0.0134576	0.00108122	0.0214516	0.00682097
TCGA-E2-A14Y	-0.25	0.25	-0.25	0	0.5	0	Basal	-0.00812537	0.0139473	0.00163853	0.0201157	0.00385426
TCGA-E2-A14Z	-0.416666666666667	-0.166666666666667	-0.375	-0.416666666666667	-0.166666666666667	-0.375	LumA	-0.00669206	0.0130296	-0.000637997	0.0151194	0.00373127
TCGA-E2-A150	0	-0.5	-0.5	0	-0.5	-0.5	Basal	-0.00746486	0.0123974	0.000967606	0.0194592	0.00249857
TCGA-E2-A152	-0.1875	-0.5	-0.25	0	-0.3125	-0.0625	Her2	-0.00577792	0.012347	-0.00078918	0.0172264	0.00260194
TCGA-E2-A154	-0.333333333333333	0	-0.666666666666667	0	0.333333333333333	-0.333333333333333	LumB	-0.00555183	0.00911538	-0.00189956	0.0127364	0.00135332
TCGA-E2-A155	0	0.333333333333333	0	0	0.333333333333333	0	LumB	-0.00341255	0.00889395	-0.0024393	0.0204497	0.00404953
TCGA-E2-A156	-0.25	-0.25	-1.5	0	0	-1.25	LumA	-0.00595554	0.0120205	0.000451224	0.0201899	0.00372106
TCGA-E2-A158	-0.666666666666667	-0.458333333333333	-1.125	-0.375	-0.166666666666667	-0.833333333333333	Basal	-0.00621596	0.011842	0.00059966	0.0233989	0.00416018
TCGA-E2-A15A	-0.166666666666667	0.333333333333333	0.333333333333333	-0.5	0	0	LumB	-0.0044244	0.0101591	-0.000743547	0.0230366	0.00465731
TCGA-E2-A15C	0	0	0	0	0	0	LumA	-0.00178839	0.00535744	-0.00389533	0.019349	0.00273675
TCGA-E2-A15D	0.333333333333333	-0.166666666666667	-0.208333333333333	0.583333333333333	0.0833333333333333	0.0416666666666667	LumA	-0.0100297	0.0156991	0.00411951	0.0202551	0.00457228
TCGA-E2-A15E	0	0	0	0	0	0	LumA	-0.00103752	0.00440846	-0.0045521	0.0179627	0.00182034
TCGA-E2-A15G	0	0	-0.5	0.5	0.5	0	LumA	-0.00551112	0.011101	-0.00148609	0.0229905	0.00453664
TCGA-E2-A15H	-0.791666666666667	-0.0416666666666667	-0.25	-1.08333333333333	-0.333333333333333	-0.541666666666667	LumA	-0.00415663	0.00867514	-0.00298796	0.0229549	0.00436684
TCGA-E2-A15J	0	-0.583333333333333	-0.833333333333333	0.333333333333333	-0.25	-0.5	LumB	-0.0103826	0.0184854	0.000926344	0.0232679	0.00617997
TCGA-E2-A15K	-0.4	0	0.4	-0.6	-0.2	0.2	LumB	-0.011166	0.0186387	0.00693814	0.0216948	0.00570002
TCGA-E2-A15M	-0.6	-0.4	-0.6	-0.4	-0.2	-0.4	LumB	-0.00575711	0.0110194	-0.00160302	0.0224105	0.00618204
TCGA-E2-A15P	-0.3	0	-0.15	-0.3	0	-0.15	LumA	-0.00226842	0.00469233	-0.00629308	0.0153703	0.00146226
TCGA-E2-A15R	-0.333333333333333	0	-0.5	0	0.333333333333333	-0.166666666666667	LumB	-0.00308231	0.00517255	-0.00467063	0.0144139	0.000968784
TCGA-E2-A15S	-0.1	-0.15	-0.15	-0.3	-0.35	-0.35	LumB	-0.0178276	0.0235677	0.00742636	0.0288018	0.00688018
TCGA-E2-A15T	-0.666666666666667	-0.166666666666667	-0.458333333333333	-0.541666666666667	-0.0416666666666667	-0.333333333333333	LumB	-0.010103	0.0158671	0.00441695	0.0206545	0.0051264
TCGA-E2-A1B0	0.05	0.2	0	-0.35	-0.2	-0.4	Her2	-0.00762438	0.0136874	0.000901834	0.024506	0.00546122
TCGA-E2-A1B1	-0.333333333333333	0.166666666666667	0.166666666666667	-0.333333333333333	0.166666666666667	0.166666666666667	LumA	-0.00540139	0.011127	0.000294203	0.0219567	0.00545235
TCGA-E2-A1B4	-0.458333333333333	-0.666666666666667	-0.541666666666667	-0.416666666666667	-0.625	-0.5	LumA	-0.00528193	0.0101844	0.00024082	0.0231347	0.00483666
TCGA-E2-A1B5	0.166666666666667	0.166666666666667	-0.333333333333333	0.333333333333333	0.333333333333333	-0.166666666666667	LumA	-0.0141559	0.0223547	0.0123091	0.0147827	0.00481786
TCGA-E2-A1B6	0	-0.866666666666667	-1.03333333333333	0.233333333333333	-0.633333333333333	-0.8	Basal	-0.00619445	0.0121776	0.000379995	0.020392	0.00436587
TCGA-E2-A1BC	0.166666666666667	0.166666666666667	-0.333333333333333	0.166666666666667	0.166666666666667	-0.333333333333333	LumA	-0.0139432	0.0224905	0.0127926	0.00995811	0.00306959
TCGA-E2-A1BD	-0.6	-0.55	-0.9	-0.4	-0.35	-0.7	LumA	-0.00543907	0.0111303	-0.00258418	0.0267201	0.00634882
TCGA-E2-A1IE	0.0555555555555555	0.111111111111111	0.166666666666667	0.222222222222222	0.277777777777778	0.333333333333333	LumB	-0.00707511	0.0147091	-0.00348235	0.0288512	0.00762921
TCGA-E2-A1IF	-0.6	0	0	-0.6	0	0	LumA	-0.00226531	0.00732988	-0.0108037	0.0219925	0.00495975
TCGA-E2-A1IG	-0.25	0	-0.458333333333333	-0.25	0	-0.458333333333333	LumA	-0.00247002	0.00850577	-0.00630057	0.0230152	0.00537165
TCGA-E2-A1IH	-0.666666666666667	-0.166666666666667	-0.666666666666667	0	0.5	0	LumB	-0.00880874	0.0149297	-0.00462075	0.0229572	0.00407532
TCGA-E2-A1II	0.6	0.2	-0.2	0.4	0	-0.4	Basal	-0.00414869	0.00938095	-0.00913223	0.0212954	0.0060363
TCGA-E2-A1IJ	0	0	-0.166666666666667	0	0	-0.166666666666667	LumA	-0.00201165	0.007166	-0.00995306	0.0222337	0.00488669
TCGA-E2-A1IK	-0.416666666666667	-0.458333333333333	-0.833333333333333	-0.125	-0.166666666666667	-0.541666666666667	LumA	-0.00221181	0.00695125	-0.00993541	0.0208319	0.00285577
TCGA-E2-A1IL	-0.333333333333333	0	-0.166666666666667	-0.5	-0.166666666666667	-0.333333333333333	LumA	-0.0181053	0.0200797	-0.00221629	0.0316478	0.00494611
TCGA-E2-A1IN	-0.375	-0.291666666666667	-1.04166666666667	-0.0833333333333333	0	-0.75	LumA	-0.00710418	0.0113878	-0.009685	0.0223969	0.00149256
TCGA-E2-A1IO	-0.333333333333333	-0.166666666666667	0	-0.333333333333333	-0.166666666666667	0	LumA	-0.0017164	0.00624333	-0.011792	0.0217342	0.00430962
TCGA-E2-A1L6	0.25	0.2	-0.1	0	-0.05	-0.35	LumA	-0.00193586	0.00495293	-0.00730626	0.0100129	0.00645265
TCGA-E2-A1L7	0	0	0	0	0	0	LumB	4.33464e-05	0.0042208	-0.010392	0.0178864	0.00284904
TCGA-E2-A1L9	-0.5	-0.166666666666667	0	-0.5	-0.166666666666667	0	LumA	-0.0123786	0.0172985	-0.00703338	0.0273926	0.003554
TCGA-E2-A3DX	-0.375	-0.0416666666666667	-0.375	-0.458333333333333	-0.125	-0.458333333333333	LumA	-0.0164828	-0.0169201	0.00301839	0.00812196	-0.00703085
TCGA-E9-A1N3	0.166666666666667	0.166666666666667	0	0.166666666666667	0.166666666666667	0	LumA	0.000158661	0.00345915	-0.00894621	0.0143619	0.00164801
TCGA-E9-A1N4	0	0	0	0	0	0	LumA	-0.0074884	0.0148272	-0.00586724	0.0333756	0.00713716
TCGA-E9-A1N5	-0.2	0.2	-0.2	0	0.4	0	LumB	-0.00161651	0.00632227	-0.0114795	0.0195393	0.00393048
TCGA-E9-A1N8	-0.833333333333333	-0.166666666666667	0	-0.666666666666667	0	0.166666666666667	Basal	-0.0105145	0.0174084	-0.00631174	0.0261674	0.00479822
TCGA-E9-A1N9	0.6	0	0.2	0.6	0	0.2	Basal	-0.0055856	0.0132249	-0.00629604	0.0272134	0.00627661
TCGA-E9-A1NA	0	-0.25	-0.5	0	-0.25	-0.5	LumB	-0.00746346	0.0129356	-0.0107605	0.0275548	0.00493674
TCGA-E9-A1NC	-0.0416666666666667	-0.291666666666667	-0.458333333333333	-0.5	-0.75	-0.916666666666667	Basal	-0.000782083	0.00459087	-0.00883209	0.0155679	0.00173662
TCGA-E9-A1ND	0	0.166666666666667	0	-0.166666666666667	0	-0.166666666666667	Basal	-0.00309925	0.007784	-0.0019462	0.0130029	0.00180697
TCGA-E9-A1NE	-0.333333333333333	-0.166666666666667	-1	0	0.166666666666667	-0.666666666666667	LumA	-0.00605586	0.0128345	-0.00633045	0.0292702	0.00590404
TCGA-E9-A1NF	-0.2	0.2	0.4	-0.4	0	0.2	LumB	-0.0188929	0.0204274	-0.00270518	0.032375	0.00441639
TCGA-E9-A1NG	0.166666666666667	0.333333333333333	0	-0.166666666666667	0	-0.333333333333333	LumA	-0.00453251	0.0085025	-0.0100575	0.0230741	0.00371819
TCGA-E9-A1NI	0	0	0	0	0	0	LumB	-0.00554889	0.00958242	-0.0100119	0.0231531	0.00311044
TCGA-E9-A1QZ	-0.416666666666667	-1.125	-1.33333333333333	0	-0.708333333333333	-0.916666666666667	LumA	-0.0048096	0.00924881	-0.00974857	0.0219486	0.00306149
TCGA-E9-A1R0	-0.5	0.166666666666667	-0.333333333333333	-0.333333333333333	0.333333333333333	-0.166666666666667	LumA	-0.0080599	0.0165524	-0.00512517	0.0335532	0.00776031
TCGA-E9-A1R2	0.166666666666667	0	-0.166666666666667	0	-0.166666666666667	-0.333333333333333	LumA	-0.00308868	0.00939249	-0.00470732	0.0233799	0.00463838
TCGA-E9-A1R3	0.166666666666667	0	0.333333333333333	0.166666666666667	0	0.333333333333333	LumA	0.000721089	0.00217101	-0.00906094	0.0144613	0.00148091
TCGA-E9-A1R4	-0.166666666666667	0	-0.5	-0.166666666666667	0	-0.5	LumB	-0.0057173	0.0127554	-0.00486784	0.0290123	0.00648305
TCGA-E9-A1R5	-0.0833333333333333	0.416666666666667	-0.25	-0.0833333333333333	0.416666666666667	-0.25	LumB	-0.0077741	0.0148852	-0.00593983	0.033009	0.00707797
TCGA-E9-A1R6	-0.333333333333333	0.166666666666667	0.166666666666667	-0.333333333333333	0.166666666666667	0.166666666666667	LumB	-0.00463865	0.0114252	-0.00559031	0.0275529	0.00565711
TCGA-E9-A1R7	0	0	0	0	0	0	LumB	-0.00578797	0.0144089	-0.00628574	0.0308561	0.00702835
TCGA-E9-A1RA	-0.833333333333333	-0.166666666666667	-0.166666666666667	-0.666666666666667	0	0	LumA	-0.00521051	0.0129736	-0.00445039	0.0276383	0.00714422
TCGA-E9-A1RB	0.05	0.35	0.35	0.05	0.35	0.35	LumB	-0.00345883	0.00705889	-0.00778171	0.0187818	0.00233809
TCGA-E9-A1RC	-0.0625	0.25	-0.375	-0.25	0.0625	-0.5625	LumB	-0.00340218	0.00675658	-0.00890734	0.0185387	0.00140841
TCGA-E9-A1RD	0	0	-0.666666666666667	0	0	-0.666666666666667	LumA	-0.00761685	0.0139646	-0.00557296	0.0273551	0.00563153
TCGA-E9-A1RE	0.2	-0.2	-0.3	0.35	-0.05	-0.15	LumB	-0.00552535	0.0108522	-0.0120213	0.0256568	0.00377233
TCGA-E9-A1RF	-0.5	0	-0.333333333333333	-0.333333333333333	0.166666666666667	-0.166666666666667	LumB	-0.0110565	0.0205322	-0.000216097	0.029054	0.00733281
TCGA-E9-A1RG	-0.5	-0.25	-0.5	-0.5	-0.25	-0.5	LumB	-0.00463785	0.00966637	-0.00676105	0.0187778	0.00265131
TCGA-E9-A1RH	-0.125	-0.125	-1.04166666666667	0.0416666666666667	0.0416666666666667	-0.875	Her2	-0.00331983	0.00679583	-0.00876932	0.019445	0.00222675
TCGA-E9-A1RI	0.333333333333333	0.166666666666667	-0.166666666666667	0.666666666666667	0.5	0.166666666666667	LumA	-0.00297071	0.00749456	-0.0117389	0.0227571	0.00286354
TCGA-E9-A226	0.5	0.4	-0.2	0.4	0.3	-0.3	LumB	-0.00938577	0.0153846	-0.00738129	0.0310742	0.00498448
TCGA-E9-A227	-0.166666666666667	0	-0.833333333333333	-0.166666666666667	0	-0.833333333333333	LumA	0.00230912	0.000959156	-0.00755356	0.00991851	0.000876921
TCGA-E9-A228	0.4375	-0.25	-0.1875	0.625	-0.0625	0	LumB	-0.00324068	0.00788916	-0.0121788	0.0189397	0.00177752
TCGA-E9-A229	-0.15	0	-0.1	0	0.15	0.05	LumA	-0.00532761	0.0113501	-0.00617282	0.0251776	0.00548088
TCGA-E9-A22A	0	0.0666666666666667	0.6	0.2	0.266666666666667	0.8	LumB	0.00104905	0.00365938	-0.0102125	0.0141276	0.00140469
TCGA-E9-A22B	0	-0.5	-0.5	0	-0.5	-0.5	LumB	-0.00793548	0.0156728	-0.00278579	0.0270616	0.00562201
TCGA-E9-A22D	-0.5	0	-0.333333333333333	-0.5	0	-0.333333333333333	LumB	-0.00630738	0.0134005	-0.00425558	0.0291686	0.00615316
TCGA-E9-A22E	0	0	-0.333333333333333	-0.333333333333333	-0.333333333333333	-0.666666666666667	LumB	-0.00576514	0.013532	-0.00463848	0.0261406	0.00609736
TCGA-E9-A22G	-0.5	0	-0.5	-0.25	0.25	-0.25	Basal	-0.00100061	0.0047836	-0.00886836	0.0156791	0.00143838
TCGA-E9-A22H	-0.4	-0.2	0	-0.6	-0.4	-0.2	LumB	0.0014161	0.00211012	-0.0082188	0.00833549	0.00356968
TCGA-E9-A243	-0.291666666666667	0.166666666666667	-0.125	-0.416666666666667	0.0416666666666667	-0.25	Basal	-0.00595763	0.0102451	-0.00804143	0.0218474	0.00280733
TCGA-E9-A244	-0.166666666666667	0.291666666666667	0.0833333333333333	-0.291666666666667	0.166666666666667	-0.0416666666666667	Basal	-0.00745721	0.0123043	-0.00854502	0.0225137	0.00313132
TCGA-E9-A245	-0.5	-0.125	-0.333333333333333	-0.375	0	-0.208333333333333	LumA	-0.00123422	0.00514581	-0.00777708	0.0159912	0.00201574
TCGA-E9-A247	0.166666666666667	0.166666666666667	0	0.166666666666667	0.166666666666667	0	LumB	-0.00924976	0.0139709	-0.00732588	0.0253485	0.00377677
TCGA-E9-A248	-0.55	-0.5	-1.1	-0.4	-0.35	-0.95	Her2	0.000273731	0.00336725	-0.00733079	0.0136263	0.00174416
TCGA-E9-A249	-0.166666666666667	0	0.166666666666667	0	0.166666666666667	0.333333333333333	LumB	-0.00565178	0.00997007	-0.00799643	0.0213172	0.00256501
TCGA-E9-A24A	-0.625	0	-0.0416666666666667	-0.625	0	-0.0416666666666667	LumA	-0.00448148	0.00874179	-0.00978957	0.022443	0.00273623
TCGA-E9-A295	-0.333333333333333	0.0416666666666667	-0.541666666666667	-0.208333333333333	0.166666666666667	-0.416666666666667	LumA	-0.00353314	0.00698568	-0.00850375	0.0199822	0.00261404
TCGA-E9-A2JS	0.166666666666667	0	0	0.166666666666667	0	0	LumB	-0.00446008	0.00813954	-0.0111549	0.0237697	0.00311959
TCGA-E9-A2JT	-0.333333333333333	0.125	0.0416666666666667	-0.208333333333333	0.25	0.166666666666667	LumA	0.000259651	0.00349258	-0.01021	0.0160801	0.00127415
TCGA-E9-A3HO	0	0	0	0	0	0	LumB	-0.0162068	-0.0167877	0.00396312	0.00705402	-0.00800766
TCGA-E9-A3Q9	-0.08	0.24	-0.44	-0.48	-0.16	-0.84	LumA	-0.0269623	-0.0126368	0.0105081	0.000618217	-0.0112242
TCGA-E9-A3QA	0.166666666666667	0.333333333333333	0.5	-0.166666666666667	0	0.166666666666667	Basal	-0.018848	-0.0155878	0.00649595	0.00640597	-0.00870678
TCGA-E9-A3X8	-0.333333333333333	-0.166666666666667	-0.333333333333333	0	0.166666666666667	0	LumA	-0.0174142	-0.0164537	0.00358547	0.00843269	-0.00885227
TCGA-E9-A54X	-0.6	-0.64	-1.16	-0.8	-0.84	-1.36	LumB	-0.0115001	-0.0167651	0.00168776	0.00745819	-0.00611602
TCGA-E9-A54Y	0	0	0	0	0	0	LumB	-0.0198416	-0.0160567	0.0064529	0.00865721	-0.0097034
TCGA-E9-A5FL	0.208333333333333	0.375	-0.333333333333333	0.125	0.291666666666667	-0.416666666666667	Basal	-0.0210149	-0.0163468	0.006738	0.00746541	-0.00988866
TCGA-E9-A5UO	0.291666666666667	0.625	0.208333333333333	-0.0416666666666667	0.291666666666667	-0.125	LumB	-0.0143386	-0.0177793	0.00289608	0.00658485	-0.00864463
TCGA-E9-A5UP	-0.166666666666667	0.166666666666667	0	0	0.333333333333333	0.166666666666667	LumA	-0.0201111	-0.0161726	0.00578743	0.00745809	-0.00922684
TCGA-E9-A6HE	0	0	0	0	0	0	LumB	-0.0180116	-0.0186567	0.00546896	0.00485235	-0.00967102
TCGA-EW-A1IW	0.166666666666667	-0.388888888888889	-0.777777777777778	0.833333333333333	0.277777777777778	-0.111111111111111	LumA	-0.00207837	0.00678908	-0.0122215	0.0237118	0.00509645
TCGA-EW-A1J3	0.166666666666667	-0.333333333333333	0	0	-0.5	-0.166666666666667	LumB	-0.0047471	0.00895009	-0.00566003	0.0170353	0.00467056
TCGA-EW-A1J5	-0.541666666666667	-0.5	-0.208333333333333	-0.666666666666667	-0.625	-0.333333333333333	LumA	-0.00604795	0.0140004	-0.00561547	0.0275285	0.0100301
TCGA-EW-A1J6	0	0.833333333333333	0.5	0.25	1.08333333333333	0.75	LumB	-0.0118143	0.0196797	-0.00237665	0.0298455	0.0153455
TCGA-EW-A1OV	-0.2	-0.2	-1.4	0	0	-1.2	Her2	-0.00509351	0.0103122	-0.00866269	0.0205767	0.00685537
TCGA-EW-A1OY	-0.333333333333333	0.166666666666667	0.333333333333333	-0.5	0	0.166666666666667	LumB	-0.00185624	0.00637396	-0.00307089	0.0127119	0.00357031
TCGA-EW-A1P0	0.2	-0.25	-0.15	0.2	-0.25	-0.15	LumB	-0.00125669	0.00421738	-0.0109953	0.0165249	0.00176309
TCGA-EW-A1P1	-0.0833333333333333	0	0.166666666666667	-0.208333333333333	-0.125	0.0416666666666667	Normal	0.000232746	0.00330893	-0.0088239	0.0145512	0.00359945
TCGA-EW-A1P3	-0.333333333333333	-0.333333333333333	-1	-0.133333333333333	-0.133333333333333	-0.8	LumB	-0.00431899	0.00826682	-0.00890781	0.0176411	0.00411345
TCGA-EW-A1P5	-0.291666666666667	0.0416666666666667	-0.291666666666667	-0.291666666666667	0.0416666666666667	-0.291666666666667	LumB	-0.00236905	0.0065944	-0.0113567	0.0215575	0.00505057
TCGA-EW-A1P6	0.166666666666667	0.166666666666667	0.333333333333333	0	0	0.166666666666667	LumA	-0.00174133	0.00623987	-0.0116975	0.0195307	0.00852808
TCGA-EW-A1P8	0	-0.5	-0.5	0.166666666666667	-0.333333333333333	-0.333333333333333	Basal	-0.00688963	0.0119816	-0.0044725	0.0167356	0.00301842
TCGA-EW-A1PA	-0.35	-0.3	-0.35	-0.5	-0.45	-0.5	LumA	-0.00243518	0.0058759	-0.00740757	0.0142953	0.00420947
TCGA-EW-A1PD	0.208333333333333	0.208333333333333	-0.166666666666667	-0.125	-0.125	-0.5	LumB	-0.000638952	0.00510664	-0.011694	0.0196498	0.00576794
TCGA-EW-A1PG	0	0	0	0	0	0	Normal	-0.00291273	0.00617301	-0.010193	0.0188016	0.00544441
TCGA-EW-A1PH	0.75	0.333333333333333	-0.0416666666666667	0.416666666666667	0	-0.375	Basal	-0.00302474	0.00692398	-0.0134353	0.0272585	0.00374936
TCGA-EW-A2FV	0.28	0	-0.68	0.08	-0.2	-0.88	LumB	-0.0055484	0.00997548	-0.0126088	0.0218425	0.00466474
TCGA-EW-A3E8	-0.166666666666667	0.166666666666667	0.5	-0.333333333333333	0	0.333333333333333	LumA	-0.0166108	-0.0177767	0.00204649	0.0075704	-0.00485603
TCGA-GM-A2DA	-0.8	-0.55	-0.9	-0.6	-0.35	-0.7	LumA	-0.00865389	0.0131868	-0.00661215	0.0208631	0.00230676
TCGA-GM-A2DB	-0.25	-0.2	-0.4	-0.2	-0.15	-0.35	Her2	-0.00693201	0.0106058	-0.007387	0.0191709	0.00154605
TCGA-GM-A2DC	0	0	0	0	0	0	LumA	-0.000475147	0.00422497	-0.00822587	0.0142342	0.000931515
TCGA-GM-A2DD	-0.666666666666667	-0.166666666666667	-0.666666666666667	-0.5	0	-0.5	Her2	-0.00761929	0.0140436	-0.00415968	0.0253768	0.0134594
TCGA-GM-A2DH	-0.5	-0.958333333333333	-1	-0.0833333333333333	-0.541666666666667	-0.583333333333333	Her2	-0.00609583	0.00928408	-0.0100772	0.0257983	0.00319794
TCGA-GM-A2DK	-0.166666666666667	0	-1	0.5	0.666666666666667	-0.333333333333333	LumA	-0.00519427	0.00972634	-0.0117873	0.0279025	0.00423767
TCGA-GM-A2DL	-0.166666666666667	0	-0.166666666666667	-0.333333333333333	-0.166666666666667	-0.333333333333333	Her2	-0.00702884	0.0104872	-0.00700411	0.018836	0.0015929
TCGA-GM-A2DN	-0.3	-0.3	-0.45	-0.15	-0.15	-0.3	LumA	-0.0089595	0.0145583	-0.00640287	0.0248612	0.0040459
TCGA-GM-A3NW	0.166666666666667	0.166666666666667	0	0.333333333333333	0.333333333333333	0.166666666666667	LumA	-0.017388	-0.0193576	0.00423321	0.00549436	-0.00959466
TCGA-GM-A3NY	-0.0416666666666667	-0.25	-1.04166666666667	-0.0833333333333333	-0.291666666666667	-1.08333333333333	LumA	-0.0265837	-0.0132184	0.0106258	0.000832759	-0.0124983
TCGA-GM-A3XG	-0.833333333333333	0	-0.333333333333333	-0.833333333333333	0	-0.333333333333333	Normal	-0.016822	-0.0163178	0.00263802	0.00735812	-0.00913624
TCGA-GM-A3XN	0	0.166666666666667	-0.5	0.166666666666667	0.333333333333333	-0.333333333333333	LumA	-0.0200503	-0.0167086	0.00555148	0.00777268	-0.00845171
TCGA-GM-A4E0	-0.5	0	-0.5	-0.333333333333333	0.166666666666667	-0.333333333333333	LumA	-0.0337775	-0.00497704	0.0104223	0.0162183	-0.0100805
TCGA-GM-A5PV	0	0	0	0	0	0	LumA	-0.0120722	-0.0171535	0.0025187	0.00670248	-0.00800273
TCGA-GM-A5PX	-0.0833333333333333	0.125	0.666666666666667	-0.125	0.0833333333333333	0.625	LumA	-0.0176501	-0.01693	0.00513557	0.00745636	-0.00936863
TCGA-HN-A2NL	0	-0.277777777777778	-0.666666666666667	0.111111111111111	-0.166666666666667	-0.555555555555556	Basal	-0.00530598	0.00891346	-0.00920238	0.0216445	0.00162047
TCGA-HN-A2OB	0.2	0	-0.4	0.6	0.4	0	LumA	-0.0164519	-0.0176232	0.00372251	0.00847357	-0.00933278
TCGA-LD-A66U	0	0	0	0	0	0	LumA	-0.0109046	-0.0182936	0.00236349	0.00496259	-0.00775063
TCGA-LD-A74U	0.166666666666667	0	-0.166666666666667	0.333333333333333	0.166666666666667	0	LumA	-0.0149847	-0.0174287	0.00396654	0.00388543	-0.00978923
TCGA-LD-A7W6	-0.2	-0.2	-0.4	0.2	0.2	0	LumA	-0.0195882	-0.0159852	0.00358569	0.00302849	-0.0120731
TCGA-LL-A440	0	0	-0.5	0	0	-0.5	Normal	-0.0162807	-0.0160277	0.00515564	0.00659314	-0.00859866
TCGA-LL-A50Y	-0.166666666666667	-0.333333333333333	-1.66666666666667	0.333333333333333	0.166666666666667	-1.16666666666667	LumA	-0.0170463	-0.0173247	0.00400155	0.0103334	-0.00893659
TCGA-LL-A5YL	-0.166666666666667	-0.333333333333333	-0.5	0.166666666666667	0	-0.166666666666667	Her2	-0.0167077	-0.0171555	0.00519285	0.00733077	-0.00905473
TCGA-LL-A6FP	0	-0.166666666666667	-0.5	0.333333333333333	0.166666666666667	-0.166666666666667	LumA	-0.0150635	-0.0190362	0.00406298	0.00510888	-0.00796056
TCGA-LQ-A4E4	-0.48	-0.12	-0.24	-0.48	-0.12	-0.24	LumB	-0.0207748	-0.0165169	0.00589256	0.00766575	-0.0104419
TCGA-MS-A51U	0.5	0	-0.166666666666667	0.416666666666667	-0.0833333333333333	-0.25	LumA	-0.0235432	-0.0153207	0.00718398	0.00914937	-0.0101819
TCGA-OL-A5DA	-0.875	0	0.166666666666667	-0.541666666666667	0.333333333333333	0.5	LumA	-0.0176894	-0.0169389	0.00531288	0.00803648	-0.00880189
TCGA-OL-A66J	0	0	0	0	0	0	LumA	-0.0246755	-0.0144098	0.0100822	0.0061335	-0.0101953
TCGA-OL-A66K	0.208333333333333	0.0833333333333333	-0.208333333333333	-0.166666666666667	-0.291666666666667	-0.583333333333333	LumA	-0.0208966	-0.0140328	0.00262552	0.0120147	-0.00805448
TCGA-OL-A66N	-0.55	-0.2	-0.45	-0.55	-0.2	-0.45	LumA	-0.0189662	-0.0177743	0.00631577	0.00376345	-0.0101532
TCGA-PE-A5DE	0	0	0	0	0	0	LumA	-0.013231	-0.0172006	0.00217597	0.00783134	-0.00814313
