sample	wbs_0.25_1	wbs_0.25_2	wbs_0.25_3	wbs_0.25_5	wbs_0.5_1	wbs_0.5_2	wbs_0.5_3	wbs_0.5_5	wbs_1_1	wbs_1_2	wbs_1_3	wbs_1_5
TCGA-A1-A0SD	0	-0.5	0	0.25	0	-0.5	0	0.25	0	-0.5	0	0.25
TCGA-A1-A0SE	0	0.166666666666667	-0.166666666666667	-0.166666666666667	-0.166666666666667	0	-0.333333333333333	-0.333333333333333	0	0.166666666666667	-0.166666666666667	-0.166666666666667
TCGA-A1-A0SF	-0.166666666666667	-0.166666666666667	0.166666666666667	0.166666666666667	0.166666666666667	0.166666666666667	0.5	0.5	0	0	0.333333333333333	0.333333333333333
TCGA-A1-A0SG	0	0	0	0	0	0	0	0	0	0	0	0
TCGA-A1-A0SH	-0.458333333333333	-0.25	-0.0416666666666667	-1.125	-0.333333333333333	-0.125	0.0833333333333333	-1	0	0.208333333333333	0.416666666666667	-0.666666666666667
TCGA-A1-A0SI	0	0	-0.166666666666667	0.333333333333333	0.166666666666667	0.166666666666667	0	0.5	0	0	-0.166666666666667	0.333333333333333
TCGA-A1-A0SM	-0.166666666666667	-0.5	-0.833333333333333	-1	-0.166666666666667	-0.5	-0.833333333333333	-1	0	-0.333333333333333	-0.666666666666667	-0.833333333333333
TCGA-A1-A0SN	0	-0.166666666666667	-0.166666666666667	0	0.166666666666667	0	0	0.166666666666667	0	-0.166666666666667	-0.166666666666667	0
TCGA-A1-A0SO	0.166666666666667	-0.333333333333333	-0.333333333333333	0	0.166666666666667	-0.333333333333333	-0.333333333333333	0	0	-0.5	-0.5	-0.166666666666667
TCGA-A1-A0SP	-0.25	-0.333333333333333	-1.16666666666667	-0.333333333333333	-0.25	-0.333333333333333	-1.16666666666667	-0.333333333333333	0	-0.0833333333333333	-0.916666666666667	-0.0833333333333333
TCGA-A1-A0SQ	0.05	0.05	-0.1	-0.7	-0.1	-0.1	-0.25	-0.85	0	0	-0.15	-0.75
TCGA-A2-A04N	0	-0.5	-1.16666666666667	-1.16666666666667	-0.166666666666667	-0.666666666666667	-1.33333333333333	-1.33333333333333	0	-0.5	-1.16666666666667	-1.16666666666667
TCGA-A2-A04Q	0.266666666666667	0.2	0.1	0.366666666666667	0.133333333333333	0.0666666666666667	-0.0333333333333333	0.233333333333333	0	-0.0666666666666667	-0.166666666666667	0.1
TCGA-A2-A04T	0	0	0	0	0	0	0	0	0	0	0	0
TCGA-A2-A04U	-0.166666666666667	-0.666666666666667	-0.833333333333333	-1.33333333333333	-0.166666666666667	-0.666666666666667	-0.833333333333333	-1.33333333333333	0	-0.5	-0.666666666666667	-1.16666666666667
TCGA-A2-A04V	-0.233333333333333	-0.2	-0.166666666666667	-1.26666666666667	-0.0333333333333333	-2.77555756156289e-17	0.0333333333333333	-1.06666666666667	0	0.0333333333333333	0.0666666666666667	-1.03333333333333
TCGA-A2-A04W	-0.541666666666667	-0.583333333333333	-1.25	0.25	-0.708333333333333	-0.75	-1.41666666666667	0.0833333333333333	0	-0.0416666666666667	-0.708333333333333	0.791666666666667
TCGA-A2-A04Y	-0.35	-0.4	-0.7	0	-0.35	-0.4	-0.7	0	0	-0.05	-0.35	0.35
TCGA-A2-A0CK	-0.458333333333333	-0.708333333333333	-0.708333333333333	-0.291666666666667	-0.166666666666667	-0.416666666666667	-0.416666666666667	0	0	-0.25	-0.25	0.166666666666667
TCGA-A2-A0CO	0	-0.333333333333333	-1	-0.833333333333333	-0.166666666666667	-0.5	-1.16666666666667	-1	0	-0.333333333333333	-1	-0.833333333333333
TCGA-A2-A0CP	0	-0.166666666666667	-0.166666666666667	-0.166666666666667	0	-0.166666666666667	-0.166666666666667	-0.166666666666667	0	-0.166666666666667	-0.166666666666667	-0.166666666666667
TCGA-A2-A0CS	0	-0.333333333333333	-0.833333333333333	-1	-0.166666666666667	-0.5	-1	-1.16666666666667	0	-0.333333333333333	-0.833333333333333	-1
TCGA-A2-A0CT	0	-0.5	-0.416666666666667	-0.0833333333333333	0	-0.5	-0.416666666666667	-0.0833333333333333	0	-0.5	-0.416666666666667	-0.0833333333333333
TCGA-A2-A0CU	0	0	0	0	0	0	0	0	0	0	0	0
TCGA-A2-A0CW	0	-0.25	0.25	0.25	0	-0.25	0.25	0.25	0	-0.25	0.25	0.25
TCGA-A2-A0CX	0	0	0	0	0	0	0	0	0	0	0	0
TCGA-A2-A0D1	-0.166666666666667	0	0.166666666666667	-0.833333333333333	-0.166666666666667	0	0.166666666666667	-0.833333333333333	0	0.166666666666667	0.333333333333333	-0.666666666666667
TCGA-A2-A0D2	-0.166666666666667	-0.458333333333333	-0.791666666666667	-0.875	-0.25	-0.541666666666667	-0.875	-0.958333333333333	0	-0.291666666666667	-0.625	-0.708333333333333
TCGA-A2-A0D3	0	0	0	0	0	0	0	0	0	0	0	0
TCGA-A2-A0EM	0	-0.25	-0.25	-0.25	0.25	0	0	0	0	-0.25	-0.25	-0.25
TCGA-A2-A0EN	0	-0.333333333333333	-0.333333333333333	-0.5	0.333333333333333	0	0	-0.166666666666667	0	-0.333333333333333	-0.333333333333333	-0.5
TCGA-A2-A0EO	-0.125	-0.541666666666667	-0.0833333333333333	-0.5	-0.125	-0.541666666666667	-0.0833333333333333	-0.5	0	-0.416666666666667	0.0416666666666667	-0.375
TCGA-A2-A0EP	-0.583333333333333	0.0416666666666667	-0.458333333333333	-0.333333333333333	-0.333333333333333	0.291666666666667	-0.208333333333333	-0.0833333333333333	0	0.625	0.125	0.25
TCGA-A2-A0ER	0	0	0	-0.5	0	0	0	-0.5	0	0	0	-0.5
TCGA-A2-A0ES	0	-0.166666666666667	-0.833333333333333	-1.16666666666667	-0.333333333333333	-0.5	-1.16666666666667	-1.5	0	-0.166666666666667	-0.833333333333333	-1.16666666666667
TCGA-A2-A0ET	0	-0.166666666666667	-0.166666666666667	-0.166666666666667	-0.166666666666667	-0.333333333333333	-0.333333333333333	-0.333333333333333	0	-0.166666666666667	-0.166666666666667	-0.166666666666667
TCGA-A2-A0EU	0	-0.333333333333333	-0.333333333333333	-0.166666666666667	0	-0.333333333333333	-0.333333333333333	-0.166666666666667	0	-0.333333333333333	-0.333333333333333	-0.166666666666667
TCGA-A2-A0EV	-0.333333333333333	-0.5	-0.416666666666667	0	-0.333333333333333	-0.5	-0.416666666666667	0	0	-0.166666666666667	-0.0833333333333333	0.333333333333333
TCGA-A2-A0EW	-0.166666666666667	-0.458333333333333	-0.458333333333333	0.208333333333333	-0.166666666666667	-0.458333333333333	-0.458333333333333	0.208333333333333	0	-0.291666666666667	-0.291666666666667	0.375
TCGA-A2-A0EX	0	-0.3	-0.55	-0.45	-0.2	-0.5	-0.75	-0.65	0	-0.3	-0.55	-0.45
TCGA-A2-A0EY	-0.4	-0.2	-0.15	-0.45	-0.25	-0.05	0	-0.3	0	0.2	0.25	-0.05
TCGA-A2-A0ST	0	0	0	0	0	0	0	0	0	0	0	0
TCGA-A2-A0SU	0	-0.333333333333333	-0.833333333333333	-1	-0.333333333333333	-0.666666666666667	-1.16666666666667	-1.33333333333333	0	-0.333333333333333	-0.833333333333333	-1
TCGA-A2-A0SV	0	0	-0.166666666666667	-0.333333333333333	-0.166666666666667	-0.166666666666667	-0.333333333333333	-0.5	0	0	-0.166666666666667	-0.333333333333333
TCGA-A2-A0SW	-0.166666666666667	-0.416666666666667	-0.291666666666667	0	-0.0416666666666667	-0.291666666666667	-0.166666666666667	0.125	0	-0.25	-0.125	0.166666666666667
TCGA-A2-A0SX	-0.2	-0.2	-0.2	-0.4	-0.2	-0.2	-0.2	-0.4	0	0	0	-0.2
TCGA-A2-A0SY	0	-0.333333333333333	-0.833333333333333	-0.833333333333333	-0.166666666666667	-0.5	-1	-1	0	-0.333333333333333	-0.833333333333333	-0.833333333333333
TCGA-A2-A0T0	-0.333333333333333	-0.5	-1.16666666666667	-0.833333333333333	-0.166666666666667	-0.333333333333333	-1	-0.666666666666667	0	-0.166666666666667	-0.833333333333333	-0.5
TCGA-A2-A0T2	0	0	-0.333333333333333	-0.166666666666667	0.166666666666667	0.166666666666667	-0.166666666666667	0	0	0	-0.333333333333333	-0.166666666666667
TCGA-A2-A0T3	0	0	0	0	0	0	0	0	0	0	0	0
TCGA-A2-A0T4	0.0416666666666667	0.375	0.458333333333333	-0.458333333333333	-0.0833333333333333	0.25	0.333333333333333	-0.583333333333333	0	0.333333333333333	0.416666666666667	-0.5
TCGA-A2-A0T5	-0.166666666666667	0.166666666666667	0	0.166666666666667	-0.166666666666667	0.166666666666667	0	0.166666666666667	0	0.333333333333333	0.166666666666667	0.333333333333333
TCGA-A2-A0T6	0	0	0	0	0	0	0	0	0	0	0	0
TCGA-A2-A0T7	0.2	-0.4	-1	-1.8	-0.2	-0.8	-1.4	-2.2	0	-0.6	-1.2	-2
TCGA-A2-A0YC	-0.166666666666667	0	-0.333333333333333	0.166666666666667	0	0.166666666666667	-0.166666666666667	0.333333333333333	0	0.166666666666667	-0.166666666666667	0.333333333333333
TCGA-A2-A0YD	0.333333333333333	-0.375	-0.25	-0.708333333333333	0.0416666666666667	-0.666666666666667	-0.541666666666667	-1	0	-0.708333333333333	-0.583333333333333	-1.04166666666667
TCGA-A2-A0YE	0	-0.333333333333333	-0.166666666666667	-0.166666666666667	0.166666666666667	-0.166666666666667	0	0	0	-0.333333333333333	-0.166666666666667	-0.166666666666667
TCGA-A2-A0YG	-0.166666666666667	-0.75	-0.458333333333333	-0.458333333333333	-0.291666666666667	-0.875	-0.583333333333333	-0.583333333333333	0	-0.583333333333333	-0.291666666666667	-0.291666666666667
TCGA-A2-A0YH	0.166666666666667	0.125	0.0833333333333333	-0.375	-0.125	-0.166666666666667	-0.208333333333333	-0.666666666666667	0	-0.0416666666666667	-0.0833333333333333	-0.541666666666667
TCGA-A2-A0YI	0	-0.4	0	0.2	0.2	-0.2	0.2	0.4	0	-0.4	0	0.2
TCGA-A2-A0YJ	0	0	0	0	0	0	0	0	0	0	0	0
TCGA-A2-A0YK	-0.25	-0.541666666666667	-0.125	-0.958333333333333	-0.291666666666667	-0.583333333333333	-0.166666666666667	-1	0	-0.291666666666667	0.125	-0.708333333333333
TCGA-A2-A0YL	0	-0.833333333333333	-0.291666666666667	-0.583333333333333	0.0416666666666667	-0.791666666666667	-0.25	-0.541666666666667	0	-0.833333333333333	-0.291666666666667	-0.583333333333333
TCGA-A2-A0YM	0	0	0	0	0	0	0	0	0	0	0	0
TCGA-A2-A0YT	0.0416666666666667	-0.375	-0.416666666666667	-0.75	0.0416666666666667	-0.375	-0.416666666666667	-0.75	0	-0.416666666666667	-0.458333333333333	-0.791666666666667
TCGA-A2-A1FV	0	-0.166666666666667	-0.166666666666667	0.166666666666667	0	-0.166666666666667	-0.166666666666667	0.166666666666667	0	-0.166666666666667	-0.166666666666667	0.166666666666667
TCGA-A2-A1FW	-0.15	0	-0.9	-0.7	-0.35	-0.2	-1.1	-0.9	0	0.15	-0.75	-0.55
TCGA-A2-A1FX	-0.5	-0.291666666666667	0.333333333333333	0.125	-0.208333333333333	0	0.625	0.416666666666667	0	0.208333333333333	0.833333333333333	0.625
TCGA-A2-A1FZ	0.15	0.1	-1.05	-0.3	-0.4	-0.45	-1.6	-0.85	0	-0.05	-1.2	-0.45
TCGA-A2-A1G0	0	-0.5	-1	-1.5	-0.166666666666667	-0.666666666666667	-1.16666666666667	-1.66666666666667	0	-0.5	-1	-1.5
TCGA-A2-A1G1	0	-0.541666666666667	-0.5	-1.08333333333333	-0.25	-0.791666666666667	-0.75	-1.33333333333333	0	-0.541666666666667	-0.5	-1.08333333333333
TCGA-A2-A1G4	0	-0.416666666666667	-0.208333333333333	-0.458333333333333	-0.125	-0.541666666666667	-0.333333333333333	-0.583333333333333	0	-0.416666666666667	-0.208333333333333	-0.458333333333333
TCGA-A2-A1G6	0	-0.666666666666667	-1	-1.06666666666667	-0.2	-0.866666666666667	-1.2	-1.26666666666667	0	-0.666666666666667	-1	-1.06666666666667
TCGA-A2-A25A	-0.25	-0.25	-0.5	0	-0.25	-0.25	-0.5	0	0	0	-0.25	0.25
TCGA-A2-A25C	0.625	-0.333333333333333	-0.0416666666666667	0.583333333333333	0.5	-0.458333333333333	-0.166666666666667	0.458333333333333	0	-0.958333333333333	-0.666666666666667	-0.0416666666666667
TCGA-A2-A25D	-0.166666666666667	-0.166666666666667	-0.166666666666667	0	0.166666666666667	0.166666666666667	0.166666666666667	0.333333333333333	0	0	0	0.166666666666667
TCGA-A2-A25F	0	-0.708333333333333	-0.625	-0.666666666666667	-0.25	-0.958333333333333	-0.875	-0.916666666666667	0	-0.708333333333333	-0.625	-0.666666666666667
TCGA-A2-A3KD	0	-0.416666666666667	-0.916666666666667	-1.375	-0.291666666666667	-0.708333333333333	-1.20833333333333	-1.66666666666667	0	-0.416666666666667	-0.916666666666667	-1.375
TCGA-A2-A4RW	0	0.333333333333333	0.0416666666666667	-0.375	-0.0416666666666667	0.291666666666667	0	-0.416666666666667	0	0.333333333333333	0.0416666666666667	-0.375
TCGA-A2-A4RY	-0.333333333333333	-0.458333333333333	-0.125	0.25	-0.208333333333333	-0.333333333333333	0	0.375	0	-0.125	0.208333333333333	0.583333333333333
TCGA-A2-A4S0	0	-0.7	-0.9	-1.55	-0.15	-0.85	-1.05	-1.7	0	-0.7	-0.9	-1.55
TCGA-A2-A4S1	-0.333333333333333	-0.5	-1.16666666666667	-1	-0.5	-0.666666666666667	-1.33333333333333	-1.16666666666667	0	-0.166666666666667	-0.833333333333333	-0.666666666666667
TCGA-A2-A4S2	-0.2	0.4	0	-0.6	-0.2	0.4	0	-0.6	0	0.6	0.2	-0.4
TCGA-A7-A0CD	0	0	0	0	0	0	0	0	0	0	0	0
TCGA-A7-A0CE	-0.166666666666667	0.166666666666667	-0.166666666666667	-0.333333333333333	-0.333333333333333	0	-0.333333333333333	-0.5	0	0.333333333333333	0	-0.166666666666667
TCGA-A7-A0CG	0	-0.5	-0.833333333333333	-1	0	-0.5	-0.833333333333333	-1	0	-0.5	-0.833333333333333	-1
TCGA-A7-A0CJ	0	-0.666666666666667	-1	-1	-0.166666666666667	-0.833333333333333	-1.16666666666667	-1.16666666666667	0	-0.666666666666667	-1	-1
TCGA-A7-A0D9	-0.333333333333333	-0.333333333333333	-1	-1.5	-0.5	-0.5	-1.16666666666667	-1.66666666666667	0	0	-0.666666666666667	-1.16666666666667
TCGA-A7-A0DA	-0.166666666666667	0.166666666666667	0	-1	-0.166666666666667	0.166666666666667	0	-1	0	0.333333333333333	0.166666666666667	-0.833333333333333
TCGA-A7-A0DB	-0.125	-0.458333333333333	-0.75	0.125	-0.125	-0.458333333333333	-0.75	0.125	0	-0.333333333333333	-0.625	0.25
TCGA-A7-A13E	0	-0.791666666666667	-0.458333333333333	-0.166666666666667	0.166666666666667	-0.625	-0.291666666666667	0	0	-0.791666666666667	-0.458333333333333	-0.166666666666667
TCGA-A7-A13F	0	0.166666666666667	0.208333333333333	-0.208333333333333	-0.0416666666666667	0.125	0.166666666666667	-0.25	0	0.166666666666667	0.208333333333333	-0.208333333333333
TCGA-A7-A13H	-0.25	-0.25	0	-0.75	-0.25	-0.25	0	-0.75	0	0	0.25	-0.5
TCGA-A7-A26E	-0.4	0.2	-0.2	-0.6	-0.4	0.2	-0.2	-0.6	0	0.6	0.2	-0.2
TCGA-A7-A26F	-0.0833333333333333	-0.708333333333333	-0.708333333333333	0.208333333333333	-0.0833333333333333	-0.708333333333333	-0.708333333333333	0.208333333333333	0	-0.625	-0.625	0.291666666666667
TCGA-A7-A26H	-0.166666666666667	-0.666666666666667	-0.5	-1.16666666666667	0.166666666666667	-0.333333333333333	-0.166666666666667	-0.833333333333333	0	-0.5	-0.333333333333333	-1
TCGA-A7-A26I	0	0	0	0	0	0	0	0	0	0	0	0
TCGA-A7-A26J	0	-1.15	-0.55	-0.85	-0.15	-1.3	-0.7	-1	0	-1.15	-0.55	-0.85
TCGA-A7-A3IY	0	-0.4	-0.8	-0.8	0	-0.4	-0.8	-0.8	0	-0.4	-0.8	-0.8
TCGA-A7-A3IZ	-0.166666666666667	-0.333333333333333	-0.5	-0.666666666666667	0.166666666666667	0	-0.166666666666667	-0.333333333333333	0	-0.166666666666667	-0.333333333333333	-0.5
TCGA-A7-A3J0	-0.2	-0.2	-0.4	-0.2	-0.2	-0.2	-0.4	-0.2	0	0	-0.2	0
TCGA-A7-A3J1	0	-0.75	-1.5	-1.75	-0.25	-1	-1.75	-2	0	-0.75	-1.5	-1.75
TCGA-A7-A3RF	-0.166666666666667	-0.166666666666667	-0.666666666666667	-1.16666666666667	-0.333333333333333	-0.333333333333333	-0.833333333333333	-1.33333333333333	0	0	-0.5	-1
TCGA-A7-A425	0	-0.333333333333333	-1.16666666666667	-1	-0.166666666666667	-0.5	-1.33333333333333	-1.16666666666667	0	-0.333333333333333	-1.16666666666667	-1
TCGA-A7-A426	-0.333333333333333	-0.833333333333333	-2.16666666666667	-1.66666666666667	-0.5	-1	-2.33333333333333	-1.83333333333333	0	-0.5	-1.83333333333333	-1.33333333333333
TCGA-A7-A4SA	0	-0.333333333333333	-0.166666666666667	-0.166666666666667	0.166666666666667	-0.166666666666667	0	0	0	-0.333333333333333	-0.166666666666667	-0.166666666666667
TCGA-A7-A4SB	0	-1	-0.75	-0.5	-0.15	-1.15	-0.9	-0.65	0	-1	-0.75	-0.5
TCGA-A7-A5ZX	0	0	0	0	0	0	0	0	0	0	0	0
TCGA-A8-A06O	0.166666666666667	-0.166666666666667	0	0.166666666666667	0.166666666666667	-0.166666666666667	0	0.166666666666667	0	-0.333333333333333	-0.166666666666667	0
TCGA-A8-A06P	0	0	-0.166666666666667	0.166666666666667	0.166666666666667	0.166666666666667	0	0.333333333333333	0	0	-0.166666666666667	0.166666666666667
TCGA-A8-A06Q	0	-0.65	-0.05	-0.2	-0.15	-0.8	-0.2	-0.35	0	-0.65	-0.05	-0.2
TCGA-A8-A06R	-0.4	-0.6	-1.4	-1	-0.4	-0.6	-1.4	-1	0	-0.2	-1	-0.6
TCGA-A8-A06T	-0.166666666666667	0	0.166666666666667	0	-0.166666666666667	0	0.166666666666667	0	0	0.166666666666667	0.333333333333333	0.166666666666667
TCGA-A8-A06U	-0.291666666666667	-0.166666666666667	-0.583333333333333	-0.541666666666667	0	0.125	-0.291666666666667	-0.25	0	0.125	-0.291666666666667	-0.25
TCGA-A8-A06X	-0.25	-1.08333333333333	-0.791666666666667	-1.58333333333333	0.0416666666666667	-0.791666666666667	-0.5	-1.29166666666667	0	-0.833333333333333	-0.541666666666667	-1.33333333333333
TCGA-A8-A06Y	0	0.166666666666667	-0.166666666666667	0.166666666666667	-0.166666666666667	0	-0.333333333333333	0	0	0.166666666666667	-0.166666666666667	0.166666666666667
TCGA-A8-A06Z	-0.166666666666667	0.166666666666667	-0.333333333333333	0.166666666666667	-0.166666666666667	0.166666666666667	-0.333333333333333	0.166666666666667	0	0.333333333333333	-0.166666666666667	0.333333333333333
TCGA-A8-A075	-0.2	-0.2	0	0.2	-0.2	-0.2	0	0.2	0	0	0.2	0.4
TCGA-A8-A076	0	-0.75	-0.25	-0.25	0	-0.75	-0.25	-0.25	0	-0.75	-0.25	-0.25
TCGA-A8-A079	0	0	0	0	0	0	0	0	0	0	0	0
TCGA-A8-A07B	0	0.333333333333333	0.166666666666667	-0.166666666666667	0	0.333333333333333	0.166666666666667	-0.166666666666667	0	0.333333333333333	0.166666666666667	-0.166666666666667
TCGA-A8-A07F	0.25	0.5	0.3125	0.5	0.5	0.75	0.5625	0.75	0	0.25	0.0625	0.25
TCGA-A8-A07G	0.5	-0.0833333333333333	0.458333333333333	-0.0833333333333333	0.541666666666667	-0.0416666666666667	0.5	-0.0416666666666667	0	-0.583333333333333	-0.0416666666666667	-0.583333333333333
TCGA-A8-A07I	0	0	0	-0.4	0	0	0	-0.4	0	0	0	-0.4
TCGA-A8-A07J	-0.166666666666667	-0.166666666666667	-0.333333333333333	-0.5	-0.166666666666667	-0.166666666666667	-0.333333333333333	-0.5	0	0	-0.166666666666667	-0.333333333333333
TCGA-A8-A07L	0	-0.333333333333333	-0.166666666666667	0	0.166666666666667	-0.166666666666667	0	0.166666666666667	0	-0.333333333333333	-0.166666666666667	0
TCGA-A8-A07O	0	-0.5	-1	-1.5	-0.166666666666667	-0.666666666666667	-1.16666666666667	-1.66666666666667	0	-0.5	-1	-1.5
TCGA-A8-A07P	0	0	0	0	0	0	0	0	0	0	0	0
TCGA-A8-A07R	0.333333333333333	0.333333333333333	0.333333333333333	-0.166666666666667	0	0	0	-0.5	0	0	0	-0.5
TCGA-A8-A07U	0	-0.666666666666667	-1	-1	-0.166666666666667	-0.833333333333333	-1.16666666666667	-1.16666666666667	0	-0.666666666666667	-1	-1
TCGA-A8-A07W	0	-0.166666666666667	-0.166666666666667	-0.833333333333333	-0.166666666666667	-0.333333333333333	-0.333333333333333	-1	0	-0.166666666666667	-0.166666666666667	-0.833333333333333
TCGA-A8-A07Z	-0.166666666666667	-0.166666666666667	-0.166666666666667	0	0.166666666666667	0.166666666666667	0.166666666666667	0.333333333333333	0	0	0	0.166666666666667
TCGA-A8-A081	0.166666666666667	0.166666666666667	0	-0.166666666666667	0	0	-0.166666666666667	-0.333333333333333	0	0	-0.166666666666667	-0.333333333333333
TCGA-A8-A082	-0.333333333333333	-0.833333333333333	-0.791666666666667	-0.833333333333333	-0.333333333333333	-0.833333333333333	-0.791666666666667	-0.833333333333333	0	-0.5	-0.458333333333333	-0.5
TCGA-A8-A083	-0.333333333333333	-1	-2.16666666666667	-2	-0.5	-1.16666666666667	-2.33333333333333	-2.16666666666667	0	-0.666666666666667	-1.83333333333333	-1.66666666666667
TCGA-A8-A085	0	-0.2	0.2	-0.7	0	-0.2	0.2	-0.7	0	-0.2	0.2	-0.7
TCGA-A8-A08B	0.25	-0.5	0	-0.25	0.5	-0.25	0.25	0	0	-0.75	-0.25	-0.5
TCGA-A8-A08C	-0.166666666666667	-0.166666666666667	-0.666666666666667	0	-0.166666666666667	-0.166666666666667	-0.666666666666667	0	0	0	-0.5	0.166666666666667
TCGA-A8-A08F	-0.333333333333333	-0.333333333333333	-0.166666666666667	-0.166666666666667	-0.166666666666667	-0.166666666666667	0	0	0	0	0.166666666666667	0.166666666666667
TCGA-A8-A08G	0	0	0	0	0	0	0	0	0	0	0	0
TCGA-A8-A08H	0	0	0	0	0	0	0	0	0	0	0	0
TCGA-A8-A08J	-0.2	-0.3	-0.3	0.0333333333333333	-0.1	-0.2	-0.2	0.133333333333333	0	-0.1	-0.1	0.233333333333333
TCGA-A8-A08L	0.166666666666667	-0.5	0.333333333333333	0.166666666666667	0.166666666666667	-0.5	0.333333333333333	0.166666666666667	0	-0.666666666666667	0.166666666666667	0
TCGA-A8-A08O	0	-0.333333333333333	0.166666666666667	0.166666666666667	0	-0.333333333333333	0.166666666666667	0.166666666666667	0	-0.333333333333333	0.166666666666667	0.166666666666667
TCGA-A8-A08P	-0.458333333333333	-0.166666666666667	-0.583333333333333	-0.375	-0.333333333333333	-0.0416666666666667	-0.458333333333333	-0.25	0	0.291666666666667	-0.125	0.0833333333333333
TCGA-A8-A08T	0.05	-0.2	-0.05	-0.05	0.05	-0.2	-0.05	-0.05	0	-0.25	-0.1	-0.1
TCGA-A8-A08X	-0.166666666666667	-0.166666666666667	-0.166666666666667	-0.166666666666667	0	0	0	0	0	0	0	0
TCGA-A8-A08Z	-0.2	0	-0.2	0.2	0	0.2	0	0.4	0	0.2	0	0.4
TCGA-A8-A090	0	0	0	0	0	0	0	0	0	0	0	0
TCGA-A8-A091	0	-0.5	-0.833333333333333	-1.16666666666667	-0.166666666666667	-0.666666666666667	-1	-1.33333333333333	0	-0.5	-0.833333333333333	-1.16666666666667
TCGA-A8-A092	-0.291666666666667	-0.541666666666667	-0.166666666666667	-0.416666666666667	0.125	-0.125	0.25	0	0	-0.25	0.125	-0.125
TCGA-A8-A093	-0.166666666666667	-0.333333333333333	-0.666666666666667	-1	-0.333333333333333	-0.5	-0.833333333333333	-1.16666666666667	0	-0.166666666666667	-0.5	-0.833333333333333
TCGA-A8-A094	0	0	0	0	0	0	0	0	0	0	0	0
TCGA-A8-A096	0.375	-0.208333333333333	-0.708333333333333	-0.333333333333333	0.0833333333333333	-0.5	-1	-0.625	0	-0.583333333333333	-1.08333333333333	-0.708333333333333
TCGA-A8-A097	0	0.333333333333333	0.0416666666666667	-0.375	-0.0416666666666667	0.291666666666667	0	-0.416666666666667	0	0.333333333333333	0.0416666666666667	-0.375
TCGA-A8-A099	0	-0.4	-0.6	-0.8	-0.2	-0.6	-0.8	-1	0	-0.4	-0.6	-0.8
TCGA-A8-A09A	-0.416666666666667	-0.458333333333333	-0.583333333333333	-0.25	-0.416666666666667	-0.458333333333333	-0.583333333333333	-0.25	0	-0.0416666666666667	-0.166666666666667	0.166666666666667
TCGA-A8-A09B	-0.333333333333333	-0.666666666666667	-1.5	-1	-0.333333333333333	-0.666666666666667	-1.5	-1	0	-0.333333333333333	-1.16666666666667	-0.666666666666667
TCGA-A8-A09D	0	-0.458333333333333	0.0416666666666667	0.0416666666666667	0	-0.458333333333333	0.0416666666666667	0.0416666666666667	0	-0.458333333333333	0.0416666666666667	0.0416666666666667
TCGA-A8-A09E	-0.208333333333333	-0.416666666666667	-0.833333333333333	-0.208333333333333	-0.166666666666667	-0.375	-0.791666666666667	-0.166666666666667	0	-0.208333333333333	-0.625	0
TCGA-A8-A09G	0.2	-0.75	-0.4	-0.95	0.05	-0.9	-0.55	-1.1	0	-0.95	-0.6	-1.15
TCGA-A8-A09I	0	-0.2	-0.6	-0.2	0	-0.2	-0.6	-0.2	0	-0.2	-0.6	-0.2
TCGA-A8-A09M	-0.166666666666667	-0.333333333333333	0	-0.166666666666667	0	-0.166666666666667	0.166666666666667	0	0	-0.166666666666667	0.166666666666667	0
TCGA-A8-A09N	0.166666666666667	-0.291666666666667	-0.416666666666667	-0.416666666666667	0.166666666666667	-0.291666666666667	-0.416666666666667	-0.416666666666667	0	-0.458333333333333	-0.583333333333333	-0.583333333333333
TCGA-A8-A09Q	-0.166666666666667	-0.166666666666667	0	-0.166666666666667	0	0	0.166666666666667	0	0	0	0.166666666666667	0
TCGA-A8-A09T	0.2	-0.5	-0.55	-1.25	-0.15	-0.85	-0.9	-1.6	0	-0.7	-0.75	-1.45
TCGA-A8-A09V	-0.166666666666667	-0.75	-1.08333333333333	-0.291666666666667	0.166666666666667	-0.416666666666667	-0.75	0.0416666666666667	0	-0.583333333333333	-0.916666666666667	-0.125
TCGA-A8-A09W	0.166666666666667	-0.333333333333333	-0.833333333333333	-1	-0.166666666666667	-0.666666666666667	-1.16666666666667	-1.33333333333333	0	-0.5	-1	-1.16666666666667
TCGA-A8-A09X	-0.166666666666667	-0.5	-1.16666666666667	-1.5	-0.333333333333333	-0.666666666666667	-1.33333333333333	-1.66666666666667	0	-0.333333333333333	-1	-1.33333333333333
TCGA-A8-A09Z	0	-0.166666666666667	-0.333333333333333	0	0	-0.166666666666667	-0.333333333333333	0	0	-0.166666666666667	-0.333333333333333	0
TCGA-A8-A0A1	0.333333333333333	-0.125	0.208333333333333	0.5	0.5	0.0416666666666667	0.375	0.666666666666667	0	-0.458333333333333	-0.125	0.166666666666667
TCGA-A8-A0A4	0	-0.4	-1	-1.4	-0.2	-0.6	-1.2	-1.6	0	-0.4	-1	-1.4
TCGA-A8-A0A6	0	-0.333333333333333	-0.833333333333333	-0.666666666666667	0	-0.333333333333333	-0.833333333333333	-0.666666666666667	0	-0.333333333333333	-0.833333333333333	-0.666666666666667
TCGA-A8-A0A7	-0.291666666666667	-0.125	-0.166666666666667	-0.125	-0.166666666666667	0	-0.0416666666666667	0	0	0.166666666666667	0.125	0.166666666666667
TCGA-A8-A0A9	0.166666666666667	-0.0416666666666667	0.333333333333333	-0.75	0.5	0.291666666666667	0.666666666666667	-0.416666666666667	0	-0.208333333333333	0.166666666666667	-0.916666666666667
TCGA-A8-A0AB	-0.2	0.2	0	-0.8	-0.2	0.2	0	-0.8	0	0.4	0.2	-0.6
TCGA-A8-A0AD	-0.166666666666667	0.166666666666667	-0.166666666666667	0.166666666666667	0	0.333333333333333	0	0.333333333333333	0	0.333333333333333	0	0.333333333333333
TCGA-AC-A23C	-0.333333333333333	-0.166666666666667	0.166666666666667	0.333333333333333	-0.333333333333333	-0.166666666666667	0.166666666666667	0.333333333333333	0	0.166666666666667	0.5	0.666666666666667
TCGA-AC-A23E	-0.166666666666667	-0.5	-1.16666666666667	-1.5	-0.333333333333333	-0.666666666666667	-1.33333333333333	-1.66666666666667	0	-0.333333333333333	-1	-1.33333333333333
TCGA-AC-A2B8	0.333333333333333	0.166666666666667	0.166666666666667	0.208333333333333	0.0416666666666667	-0.125	-0.125	-0.0833333333333333	0	-0.166666666666667	-0.166666666666667	-0.125
TCGA-AC-A2QH	0	0	0	0	0	0	0	0	0	0	0	0
TCGA-AC-A2QI	0	0	0	0	0	0	0	0	0	0	0	0
TCGA-AC-A3HN	0.333333333333333	-0.25	-0.416666666666667	-0.791666666666667	0.0416666666666667	-0.541666666666667	-0.708333333333333	-1.08333333333333	0	-0.583333333333333	-0.75	-1.125
TCGA-AC-A3QP	-0.416666666666667	-0.625	-0.875	-0.416666666666667	-0.25	-0.458333333333333	-0.708333333333333	-0.25	0	-0.208333333333333	-0.458333333333333	0
TCGA-AC-A3TM	-0.2	0	-0.4	0	-0.2	0	-0.4	0	0	0.2	-0.2	0.2
TCGA-AC-A3TN	-0.625	-0.208333333333333	0.166666666666667	-0.75	-0.166666666666667	0.25	0.625	-0.291666666666667	0	0.416666666666667	0.791666666666667	-0.125
TCGA-AC-A3W6	-0.166666666666667	0.333333333333333	0.166666666666667	-0.833333333333333	-0.166666666666667	0.333333333333333	0.166666666666667	-0.833333333333333	0	0.5	0.333333333333333	-0.666666666666667
TCGA-AC-A3W7	0	-0.333333333333333	-1	-0.833333333333333	-0.166666666666667	-0.5	-1.16666666666667	-1	0	-0.333333333333333	-1	-0.833333333333333
TCGA-AC-A3YI	-0.291666666666667	-0.333333333333333	-0.375	0.166666666666667	0	-0.0416666666666667	-0.0833333333333333	0.458333333333333	0	-0.0416666666666667	-0.0833333333333333	0.458333333333333
TCGA-AC-A3YJ	0.208333333333333	0.166666666666667	-0.25	0	0.0416666666666667	0	-0.416666666666667	-0.166666666666667	0	-0.0416666666666667	-0.458333333333333	-0.208333333333333
TCGA-AC-A5XS	-0.333333333333333	0	-0.333333333333333	0.166666666666667	-0.166666666666667	0.166666666666667	-0.166666666666667	0.333333333333333	0	0.333333333333333	0	0.5
TCGA-AC-A62Y	-0.333333333333333	-0.333333333333333	-1.16666666666667	-1.33333333333333	-0.5	-0.5	-1.33333333333333	-1.5	0	0	-0.833333333333333	-1
TCGA-AC-A6IV	-0.05	-0.05	0.15	0.3	-0.05	-0.05	0.15	0.3	0	0	0.2	0.35
TCGA-AC-A6IX	0	-0.166666666666667	-0.333333333333333	-0.666666666666667	0	-0.166666666666667	-0.333333333333333	-0.666666666666667	0	-0.166666666666667	-0.333333333333333	-0.666666666666667
TCGA-AC-A7VC	-0.166666666666667	-0.166666666666667	-0.166666666666667	0	0.166666666666667	0.166666666666667	0.166666666666667	0.333333333333333	0	0	0	0.166666666666667
TCGA-AN-A03X	0.166666666666667	-0.208333333333333	-0.166666666666667	-0.166666666666667	0.166666666666667	-0.208333333333333	-0.166666666666667	-0.166666666666667	0	-0.375	-0.333333333333333	-0.333333333333333
TCGA-AN-A03Y	0	-0.333333333333333	-0.666666666666667	-1.16666666666667	-0.166666666666667	-0.5	-0.833333333333333	-1.33333333333333	0	-0.333333333333333	-0.666666666666667	-1.16666666666667
TCGA-AN-A041	0	-0.333333333333333	-0.166666666666667	0	0.166666666666667	-0.166666666666667	0	0.166666666666667	0	-0.333333333333333	-0.166666666666667	0
TCGA-AN-A046	0	-0.166666666666667	-0.333333333333333	0.166666666666667	0.166666666666667	0	-0.166666666666667	0.333333333333333	0	-0.166666666666667	-0.333333333333333	0.166666666666667
TCGA-AN-A049	0.333333333333333	-0.708333333333333	-0.458333333333333	-0.5	0.375	-0.666666666666667	-0.416666666666667	-0.458333333333333	0	-1.04166666666667	-0.791666666666667	-0.833333333333333
TCGA-AN-A04A	0	0	0	0	0	0	0	0	0	0	0	0
TCGA-AN-A04C	0.166666666666667	0.166666666666667	0	0.333333333333333	0	0	-0.166666666666667	0.166666666666667	0	0	-0.166666666666667	0.166666666666667
TCGA-AN-A04D	-0.166666666666667	-0.166666666666667	-0.5	0	-0.166666666666667	-0.166666666666667	-0.5	0	0	0	-0.333333333333333	0.166666666666667
TCGA-AN-A0AJ	0.2	-0.6	0	-0.4	0.2	-0.6	0	-0.4	0	-0.8	-0.2	-0.6
TCGA-AN-A0AK	0.166666666666667	0.166666666666667	0	0.166666666666667	0	0	-0.166666666666667	0	0	0	-0.166666666666667	0
TCGA-AN-A0AL	-0.333333333333333	-0.333333333333333	0	0	-0.166666666666667	-0.166666666666667	0.166666666666667	0.166666666666667	0	0	0.333333333333333	0.333333333333333
TCGA-AN-A0AM	-0.2	-0.4	-1	-1	-0.4	-0.6	-1.2	-1.2	0	-0.2	-0.8	-0.8
TCGA-AN-A0AR	0	0.166666666666667	0	-0.333333333333333	0	0.166666666666667	0	-0.333333333333333	0	0.166666666666667	0	-0.333333333333333
TCGA-AN-A0AS	0	0.2	-0.4	-0.6	0.2	0.4	-0.2	-0.4	0	0.2	-0.4	-0.6
TCGA-AN-A0AT	0	-0.25	-0.25	0.25	0.25	0	0	0.5	0	-0.25	-0.25	0.25
TCGA-AN-A0FD	0	0.166666666666667	0	0	0	0.166666666666667	0	0	0	0.166666666666667	0	0
TCGA-AN-A0FF	-0.25	0	-0.875	-0.583333333333333	-0.416666666666667	-0.166666666666667	-1.04166666666667	-0.75	0	0.25	-0.625	-0.333333333333333
TCGA-AN-A0FJ	0	0	-0.5	-0.333333333333333	0	0	-0.5	-0.333333333333333	0	0	-0.5	-0.333333333333333
TCGA-AN-A0FK	0	-0.5	-1.16666666666667	-1.16666666666667	-0.166666666666667	-0.666666666666667	-1.33333333333333	-1.33333333333333	0	-0.5	-1.16666666666667	-1.16666666666667
TCGA-AN-A0FL	0	0	-0.2	0	0	0	-0.2	0	0	0	-0.2	0
TCGA-AN-A0FN	0	0.166666666666667	0.0833333333333333	-0.208333333333333	-0.0416666666666667	0.125	0.0416666666666667	-0.25	0	0.166666666666667	0.0833333333333333	-0.208333333333333
TCGA-AN-A0FS	0	-0.5	-0.666666666666667	-1.5	-0.166666666666667	-0.666666666666667	-0.833333333333333	-1.66666666666667	0	-0.5	-0.666666666666667	-1.5
TCGA-AN-A0FT	0.166666666666667	-0.458333333333333	-0.125	-0.125	0.166666666666667	-0.458333333333333	-0.125	-0.125	0	-0.625	-0.291666666666667	-0.291666666666667
TCGA-AN-A0FV	-0.333333333333333	-0.5	-1.5	-1	-0.333333333333333	-0.5	-1.5	-1	0	-0.166666666666667	-1.16666666666667	-0.666666666666667
TCGA-AN-A0FW	-0.4	-0.6	-1	-1.4	-0.6	-0.8	-1.2	-1.6	0	-0.2	-0.6	-1
TCGA-AN-A0FX	-0.166666666666667	-0.5	-1	-1	-0.166666666666667	-0.5	-1	-1	0	-0.333333333333333	-0.833333333333333	-0.833333333333333
TCGA-AN-A0FY	0	-0.333333333333333	-0.333333333333333	-0.166666666666667	0	-0.333333333333333	-0.333333333333333	-0.166666666666667	0	-0.333333333333333	-0.333333333333333	-0.166666666666667
TCGA-AN-A0FZ	-0.2	0.2	0	-1.4	-0.2	0.2	0	-1.4	0	0.4	0.2	-1.2
TCGA-AN-A0XN	0	-0.166666666666667	-0.333333333333333	-0.333333333333333	0.333333333333333	0.166666666666667	0	0	0	-0.166666666666667	-0.333333333333333	-0.333333333333333
TCGA-AN-A0XO	0	0	0.2	0.2	0	0	0.2	0.2	0	0	0.2	0.2
TCGA-AN-A0XP	0.333333333333333	-0.666666666666667	-0.458333333333333	-0.375	0.375	-0.625	-0.416666666666667	-0.333333333333333	0	-1	-0.791666666666667	-0.708333333333333
TCGA-AN-A0XR	0	0	0	0	0	0	0	0	0	0	0	0
TCGA-AN-A0XS	0.2	0.2	-0.3	-0.2	0	0	-0.5	-0.4	0	0	-0.5	-0.4
TCGA-AN-A0XT	0	-0.55	-0.7	-0.55	0	-0.55	-0.7	-0.55	0	-0.55	-0.7	-0.55
TCGA-AN-A0XU	0	-0.5	-1	-1.16666666666667	-0.166666666666667	-0.666666666666667	-1.16666666666667	-1.33333333333333	0	-0.5	-1	-1.16666666666667
TCGA-AN-A0XV	0	0	0	0.333333333333333	0	0	0	0.333333333333333	0	0	0	0.333333333333333
TCGA-AN-A0XW	0.166666666666667	0	0	0.166666666666667	0	-0.166666666666667	-0.166666666666667	0	0	-0.166666666666667	-0.166666666666667	0
TCGA-AO-A03R	-0.166666666666667	0.166666666666667	0.333333333333333	-0.291666666666667	0.291666666666667	0.625	0.791666666666667	0.166666666666667	0	0.333333333333333	0.5	-0.125
TCGA-AO-A03T	0	-0.416666666666667	-0.625	-1.04166666666667	-0.291666666666667	-0.708333333333333	-0.916666666666667	-1.33333333333333	0	-0.416666666666667	-0.625	-1.04166666666667
TCGA-AO-A03V	-0.333333333333333	0	-0.166666666666667	-0.5	-0.333333333333333	0	-0.166666666666667	-0.5	0	0.333333333333333	0.166666666666667	-0.166666666666667
TCGA-AO-A0J2	0	-0.333333333333333	-1.33333333333333	-2	-0.333333333333333	-0.666666666666667	-1.66666666666667	-2.33333333333333	0	-0.333333333333333	-1.33333333333333	-2
TCGA-AO-A0J3	-0.5	-0.333333333333333	-1.33333333333333	-1	-0.666666666666667	-0.5	-1.5	-1.16666666666667	0	0.166666666666667	-0.833333333333333	-0.5
TCGA-AO-A0J5	-0.166666666666667	-0.166666666666667	0	-0.166666666666667	0	0	0.166666666666667	0	0	0	0.166666666666667	0
TCGA-AO-A0J6	-0.166666666666667	-0.166666666666667	-0.333333333333333	-0.166666666666667	-0.166666666666667	-0.166666666666667	-0.333333333333333	-0.166666666666667	0	0	-0.166666666666667	0
TCGA-AO-A0J7	-0.55	0	-0.55	-0.25	-0.4	0.15	-0.4	-0.1	0	0.55	0	0.3
TCGA-AO-A0J8	-0.35	-0.2	0.25	-0.45	0	0.15	0.6	-0.1	0	0.15	0.6	-0.1
TCGA-AO-A0J9	-0.166666666666667	-0.166666666666667	-0.166666666666667	-0.5	0	0	0	-0.333333333333333	0	0	0	-0.333333333333333
TCGA-AO-A0JB	-0.625	-0.166666666666667	-1.04166666666667	-0.541666666666667	-0.333333333333333	0.125	-0.75	-0.25	0	0.458333333333333	-0.416666666666667	0.0833333333333333
TCGA-AO-A0JC	0	0	0	0	0	0	0	0	0	0	0	0
TCGA-AO-A0JD	0	0	-0.25	-0.5	0	0	-0.25	-0.5	0	0	-0.25	-0.5
TCGA-AO-A0JF	0	0	-0.2	-0.6	0	0	-0.2	-0.6	0	0	-0.2	-0.6
TCGA-AO-A0JG	0	0	0	0	0	0	0	0	0	0	0	0
TCGA-AO-A0JI	0	0	0	0	0	0	0	0	0	0	0	0
TCGA-AO-A0JJ	-0.458333333333333	-0.166666666666667	-0.583333333333333	-0.375	-0.333333333333333	-0.0416666666666667	-0.458333333333333	-0.25	0	0.291666666666667	-0.125	0.0833333333333333
TCGA-AO-A124	-0.125	0.0416666666666667	-0.458333333333333	-0.875	-0.166666666666667	0	-0.5	-0.916666666666667	0	0.166666666666667	-0.333333333333333	-0.75
TCGA-AO-A128	-0.25	0	-0.75	0	-0.25	0	-0.75	0	0	0.25	-0.5	0.25
TCGA-AO-A12A	-0.166666666666667	0	-0.166666666666667	0.166666666666667	0	0.166666666666667	0	0.333333333333333	0	0.166666666666667	0	0.333333333333333
TCGA-AO-A12D	-0.2	-0.4	-0.35	0.35	-0.2	-0.4	-0.35	0.35	0	-0.2	-0.15	0.55
TCGA-AO-A12F	-0.333333333333333	-0.6	-0.966666666666667	-0.466666666666667	-0.166666666666667	-0.433333333333333	-0.8	-0.3	0	-0.266666666666667	-0.633333333333333	-0.133333333333333
TCGA-AO-A1KO	-0.333333333333333	-0.416666666666667	-0.625	-1	-0.333333333333333	-0.416666666666667	-0.625	-1	0	-0.0833333333333333	-0.291666666666667	-0.666666666666667
TCGA-AO-A1KP	-0.166666666666667	0	-0.166666666666667	-0.166666666666667	-0.166666666666667	0	-0.166666666666667	-0.166666666666667	0	0.166666666666667	0	0
TCGA-AO-A1KR	-0.166666666666667	-0.5	-0.333333333333333	-0.291666666666667	0.0416666666666667	-0.291666666666667	-0.125	-0.0833333333333333	0	-0.333333333333333	-0.166666666666667	-0.125
TCGA-AO-A1KS	0	0	0.166666666666667	0.5	0.166666666666667	0.166666666666667	0.333333333333333	0.666666666666667	0	0	0.166666666666667	0.5
TCGA-AO-A1KT	-0.12	-0.56	-1.12	-0.04	-0.08	-0.52	-1.08	0	0	-0.44	-1	0.08
TCGA-AQ-A04H	0.2	0	-0.2	0.4	0.2	0	-0.2	0.4	0	-0.2	-0.4	0.2
TCGA-AQ-A04J	0	0.166666666666667	-0.166666666666667	-0.666666666666667	-0.166666666666667	0	-0.333333333333333	-0.833333333333333	0	0.166666666666667	-0.166666666666667	-0.666666666666667
TCGA-AQ-A0Y5	-0.125	-0.5	-0.75	0.0416666666666667	-0.25	-0.625	-0.875	-0.0833333333333333	0	-0.375	-0.625	0.166666666666667
TCGA-AQ-A1H2	0	0	0	0	0	0	0	0	0	0	0	0
TCGA-AQ-A1H3	0	-0.333333333333333	-0.166666666666667	0	0.166666666666667	-0.166666666666667	0	0.166666666666667	0	-0.333333333333333	-0.166666666666667	0
TCGA-AQ-A7U7	-0.166666666666667	0	0	0	-0.166666666666667	0	0	0	0	0.166666666666667	0.166666666666667	0.166666666666667
TCGA-AR-A0TP	-0.111111111111111	0	-0.333333333333333	0.0555555555555556	0.0555555555555556	0.166666666666667	-0.166666666666667	0.222222222222222	0	0.111111111111111	-0.222222222222222	0.166666666666667
TCGA-AR-A0TQ	0	-0.166666666666667	-0.333333333333333	-0.166666666666667	0	-0.166666666666667	-0.333333333333333	-0.166666666666667	0	-0.166666666666667	-0.333333333333333	-0.166666666666667
TCGA-AR-A0TR	-0.333333333333333	0.166666666666667	-0.458333333333333	-0.958333333333333	-0.375	0.125	-0.5	-1	0	0.5	-0.125	-0.625
TCGA-AR-A0TS	-0.125	0.166666666666667	-0.166666666666667	-0.583333333333333	-0.125	0.166666666666667	-0.166666666666667	-0.583333333333333	0	0.291666666666667	-0.0416666666666667	-0.458333333333333
TCGA-AR-A0TV	0	-0.166666666666667	-0.833333333333333	-1.16666666666667	-0.333333333333333	-0.5	-1.16666666666667	-1.5	0	-0.166666666666667	-0.833333333333333	-1.16666666666667
TCGA-AR-A0TW	0.2	0	-0.8	-1.8	-0.4	-0.6	-1.4	-2.4	0	-0.2	-1	-2
TCGA-AR-A0TX	-0.15	-0.8	-0.45	-1.65	-0.3	-0.95	-0.6	-1.8	0	-0.65	-0.3	-1.5
TCGA-AR-A0TY	0	0	0	-0.25	-0.25	-0.25	-0.25	-0.5	0	0	0	-0.25
TCGA-AR-A0TZ	-0.333333333333333	-0.166666666666667	0.166666666666667	-0.166666666666667	-0.333333333333333	-0.166666666666667	0.166666666666667	-0.166666666666667	0	0.166666666666667	0.5	0.166666666666667
TCGA-AR-A0U0	0	-0.6	-1.2	-1.8	-0.2	-0.8	-1.4	-2	0	-0.6	-1.2	-1.8
TCGA-AR-A0U2	0.333333333333333	0	0.5	0.166666666666667	0.166666666666667	-0.166666666666667	0.333333333333333	0	0	-0.333333333333333	0.166666666666667	-0.166666666666667
TCGA-AR-A0U3	-0.5	-0.541666666666667	-0.458333333333333	-0.416666666666667	-0.5	-0.541666666666667	-0.458333333333333	-0.416666666666667	0	-0.0416666666666667	0.0416666666666667	0.0833333333333333
TCGA-AR-A1AI	-0.166666666666667	-0.166666666666667	-0.333333333333333	0.166666666666667	0	0	-0.166666666666667	0.333333333333333	0	0	-0.166666666666667	0.333333333333333
TCGA-AR-A1AK	-0.166666666666667	0	-0.333333333333333	0.166666666666667	0	0.166666666666667	-0.166666666666667	0.333333333333333	0	0.166666666666667	-0.166666666666667	0.333333333333333
TCGA-AR-A1AL	-0.166666666666667	0.333333333333333	0	-0.5	-0.166666666666667	0.333333333333333	0	-0.5	0	0.5	0.166666666666667	-0.333333333333333
TCGA-AR-A1AM	0	-0.125	-0.5	-1.125	-0.416666666666667	-0.541666666666667	-0.916666666666667	-1.54166666666667	0	-0.125	-0.5	-1.125
TCGA-AR-A1AN	0	0	-0.333333333333333	-0.333333333333333	0	0	-0.333333333333333	-0.333333333333333	0	0	-0.333333333333333	-0.333333333333333
TCGA-AR-A1AO	-0.333333333333333	-0.333333333333333	-1.16666666666667	-1.16666666666667	-0.5	-0.5	-1.33333333333333	-1.33333333333333	0	0	-0.833333333333333	-0.833333333333333
TCGA-AR-A1AP	-0.333333333333333	-0.5	-1	-0.5	-0.166666666666667	-0.333333333333333	-0.833333333333333	-0.333333333333333	0	-0.166666666666667	-0.666666666666667	-0.166666666666667
TCGA-AR-A1AQ	0.333333333333333	-0.5	-0.125	-0.333333333333333	0.333333333333333	-0.5	-0.125	-0.333333333333333	0	-0.833333333333333	-0.458333333333333	-0.666666666666667
TCGA-AR-A1AR	0.15	0.5	-1	0	0.1	0.45	-1.05	-0.05	0	0.35	-1.15	-0.15
TCGA-AR-A1AU	-0.458333333333333	-0.125	-0.291666666666667	-0.583333333333333	-0.333333333333333	0	-0.166666666666667	-0.458333333333333	0	0.333333333333333	0.166666666666667	-0.125
TCGA-AR-A1AV	-0.125	-0.375	-0.166666666666667	-0.916666666666667	0.0416666666666667	-0.208333333333333	0	-0.75	0	-0.25	-0.0416666666666667	-0.791666666666667
TCGA-AR-A1AW	0	0	0	0	0	0	0	0	0	0	0	0
TCGA-AR-A1AX	0	0	0	0	0	0	0	0	0	0	0	0
TCGA-AR-A1AY	0	-0.166666666666667	-0.833333333333333	-1.16666666666667	-0.333333333333333	-0.5	-1.16666666666667	-1.5	0	-0.166666666666667	-0.833333333333333	-1.16666666666667
TCGA-AR-A24H	-0.333333333333333	0.333333333333333	-0.166666666666667	-0.333333333333333	-0.333333333333333	0.333333333333333	-0.166666666666667	-0.333333333333333	0	0.666666666666667	0.166666666666667	0
TCGA-AR-A24K	0	0	-0.5	-0.166666666666667	0.166666666666667	0.166666666666667	-0.333333333333333	0	0	0	-0.5	-0.166666666666667
TCGA-AR-A24L	-0.333333333333333	-0.125	-0.291666666666667	-0.791666666666667	-0.375	-0.166666666666667	-0.333333333333333	-0.833333333333333	0	0.208333333333333	0.0416666666666667	-0.458333333333333
TCGA-AR-A24M	0	0	0	0	0	0	0	0	0	0	0	0
TCGA-AR-A24N	0.111111111111111	0.0555555555555556	0.277777777777778	-0.0555555555555556	0.277777777777778	0.222222222222222	0.444444444444444	0.111111111111111	0	-0.0555555555555556	0.166666666666667	-0.166666666666667
TCGA-AR-A24O	0.166666666666667	0	-0.166666666666667	0.166666666666667	0.166666666666667	0	-0.166666666666667	0.166666666666667	0	-0.166666666666667	-0.333333333333333	0
TCGA-AR-A24P	0	-0.45	-0.35	-1.55	-0.15	-0.6	-0.5	-1.7	0	-0.45	-0.35	-1.55
TCGA-AR-A24Q	0	-0.666666666666667	-0.833333333333333	-1	0	-0.666666666666667	-0.833333333333333	-1	0	-0.666666666666667	-0.833333333333333	-1
TCGA-AR-A24R	-0.1	-0.45	-0.8	-1.1	-0.4	-0.75	-1.1	-1.4	0	-0.35	-0.7	-1
TCGA-AR-A24S	0	0	0	0	0	0	0	0	0	0	0	0
TCGA-AR-A24U	-0.333333333333333	0	0.0416666666666667	0.0416666666666667	-0.333333333333333	0	0.0416666666666667	0.0416666666666667	0	0.333333333333333	0.375	0.375
TCGA-AR-A24V	-0.2	-0.45	-0.5	-0.9	-0.2	-0.45	-0.5	-0.9	0	-0.25	-0.3	-0.7
TCGA-AR-A24W	0	0	0	0	0	0	0	0	0	0	0	0
TCGA-AR-A24X	0	-0.7	-0.4	-0.85	-0.3	-1	-0.7	-1.15	0	-0.7	-0.4	-0.85
TCGA-AR-A24Z	0	0	0	0	0	0	0	0	0	0	0	0
TCGA-AR-A250	-0.458333333333333	-0.0833333333333333	-0.291666666666667	-0.75	-0.208333333333333	0.166666666666667	-0.0416666666666667	-0.5	0	0.375	0.166666666666667	-0.291666666666667
TCGA-AR-A251	-0.125	-0.416666666666667	-0.625	-1.16666666666667	-0.25	-0.541666666666667	-0.75	-1.29166666666667	0	-0.291666666666667	-0.5	-1.04166666666667
TCGA-AR-A252	0.0416666666666667	-0.583333333333333	-0.291666666666667	-0.208333333333333	0.0416666666666667	-0.583333333333333	-0.291666666666667	-0.208333333333333	0	-0.625	-0.333333333333333	-0.25
TCGA-AR-A254	-0.125	-0.125	-0.875	-0.833333333333333	-0.291666666666667	-0.291666666666667	-1.04166666666667	-1	0	0	-0.75	-0.708333333333333
TCGA-AR-A255	-0.166666666666667	0.333333333333333	0	-1	-0.333333333333333	0.166666666666667	-0.166666666666667	-1.16666666666667	0	0.5	0.166666666666667	-0.833333333333333
TCGA-AR-A256	-0.333333333333333	0	-0.333333333333333	0	-0.166666666666667	0.166666666666667	-0.166666666666667	0.166666666666667	0	0.333333333333333	0	0.333333333333333
TCGA-AR-A2LE	0	-0.166666666666667	-0.166666666666667	-0.333333333333333	0	-0.166666666666667	-0.166666666666667	-0.333333333333333	0	-0.166666666666667	-0.166666666666667	-0.333333333333333
TCGA-AR-A2LH	0	-1	-1.25	-1.75	-0.25	-1.25	-1.5	-2	0	-1	-1.25	-1.75
TCGA-AR-A2LJ	0.125	0.791666666666667	-0.875	-0.916666666666667	0.125	0.791666666666667	-0.875	-0.916666666666667	0	0.666666666666667	-1	-1.04166666666667
TCGA-AR-A2LK	-0.2	-0.2	-0.8	-1.4	-0.6	-0.6	-1.2	-1.8	0	0	-0.6	-1.2
TCGA-AR-A2LL	-0.0416666666666667	-0.166666666666667	0	0	-0.0416666666666667	-0.166666666666667	0	0	0	-0.125	0.0416666666666667	0.0416666666666667
TCGA-AR-A2LM	0.333333333333333	-0.125	-0.25	-0.0416666666666667	0.166666666666667	-0.291666666666667	-0.416666666666667	-0.208333333333333	0	-0.458333333333333	-0.583333333333333	-0.375
TCGA-AR-A2LN	-0.166666666666667	-0.333333333333333	-0.166666666666667	0	-0.166666666666667	-0.333333333333333	-0.166666666666667	0	0	-0.166666666666667	0	0.166666666666667
TCGA-AR-A2LO	0	-0.333333333333333	0.166666666666667	-0.5	0	-0.333333333333333	0.166666666666667	-0.5	0	-0.333333333333333	0.166666666666667	-0.5
TCGA-AR-A2LQ	0	0	0	0	0	0	0	0	0	0	0	0
TCGA-AR-A2LR	-0.1875	-0.375	-1.1875	-1.5625	-0.625	-0.8125	-1.625	-2	0	-0.1875	-1	-1.375
TCGA-AR-A5QM	0	-0.666666666666667	-1.16666666666667	-1.16666666666667	-0.166666666666667	-0.833333333333333	-1.33333333333333	-1.33333333333333	0	-0.666666666666667	-1.16666666666667	-1.16666666666667
TCGA-AR-A5QN	0	0.708333333333333	-0.416666666666667	-1.91666666666667	0.125	0.833333333333333	-0.291666666666667	-1.79166666666667	0	0.708333333333333	-0.416666666666667	-1.91666666666667
TCGA-AR-A5QP	0	-0.583333333333333	-0.583333333333333	-0.875	-0.25	-0.833333333333333	-0.833333333333333	-1.125	0	-0.583333333333333	-0.583333333333333	-0.875
TCGA-AR-A5QQ	-0.333333333333333	0	-0.666666666666667	0	-0.333333333333333	0	-0.666666666666667	0	0	0.333333333333333	-0.333333333333333	0.333333333333333
TCGA-B6-A0I2	0.4	0.4	0.2	0	0.2	0.2	0	-0.2	0	0	-0.2	-0.4
TCGA-B6-A0I5	0	-0.416666666666667	-0.583333333333333	-0.625	-0.125	-0.541666666666667	-0.708333333333333	-0.75	0	-0.416666666666667	-0.583333333333333	-0.625
TCGA-B6-A0IA	-0.3	-0.85	-1.75	-0.8	-0.5	-1.05	-1.95	-1	0	-0.55	-1.45	-0.5
TCGA-B6-A0IB	-0.166666666666667	0	-0.5	0	-0.166666666666667	0	-0.5	0	0	0.166666666666667	-0.333333333333333	0.166666666666667
TCGA-B6-A0IC	-0.166666666666667	0	-0.5	-0.333333333333333	-0.166666666666667	0	-0.5	-0.333333333333333	0	0.166666666666667	-0.333333333333333	-0.166666666666667
TCGA-B6-A0IH	-0.333333333333333	-0.166666666666667	-0.166666666666667	-0.166666666666667	-0.166666666666667	0	0	0	0	0.166666666666667	0.166666666666667	0.166666666666667
TCGA-B6-A0IK	0.333333333333333	-0.375	-0.25	-0.708333333333333	0.0416666666666667	-0.666666666666667	-0.541666666666667	-1	0	-0.708333333333333	-0.583333333333333	-1.04166666666667
TCGA-B6-A0IN	-0.166666666666667	0	-0.666666666666667	-1.33333333333333	-0.333333333333333	-0.166666666666667	-0.833333333333333	-1.5	0	0.166666666666667	-0.5	-1.16666666666667
TCGA-B6-A0RG	0.166666666666667	0.166666666666667	-0.333333333333333	-0.5	0	0	-0.5	-0.666666666666667	0	0	-0.5	-0.666666666666667
TCGA-B6-A0RI	0	0	0	0	0	0	0	0	0	0	0	0
TCGA-B6-A0RN	-0.166666666666667	-0.166666666666667	0.166666666666667	0	0	0	0.333333333333333	0.166666666666667	0	0	0.333333333333333	0.166666666666667
TCGA-B6-A0RO	-0.166666666666667	0	-0.333333333333333	-0.333333333333333	-0.166666666666667	0	-0.333333333333333	-0.333333333333333	0	0.166666666666667	-0.166666666666667	-0.166666666666667
TCGA-B6-A0RP	0	-0.4	-0.8	-1.4	-0.2	-0.6	-1	-1.6	0	-0.4	-0.8	-1.4
TCGA-B6-A0RS	0.05	-0.55	-0.7	-0.35	0.05	-0.55	-0.7	-0.35	0	-0.6	-0.75	-0.4
TCGA-B6-A0RT	-0.166666666666667	-0.666666666666667	-1	-1.33333333333333	-0.166666666666667	-0.666666666666667	-1	-1.33333333333333	0	-0.5	-0.833333333333333	-1.16666666666667
TCGA-B6-A0RU	0	-0.666666666666667	-1	-1	-0.166666666666667	-0.833333333333333	-1.16666666666667	-1.16666666666667	0	-0.666666666666667	-1	-1
TCGA-B6-A0RV	0	0.2	-0.6	0	-0.2	0	-0.8	-0.2	0	0.2	-0.6	0
TCGA-B6-A0WT	0	0	0	0	0	0	0	0	0	0	0	0
TCGA-B6-A0WV	0	-0.333333333333333	-0.666666666666667	-0.833333333333333	-0.166666666666667	-0.5	-0.833333333333333	-1	0	-0.333333333333333	-0.666666666666667	-0.833333333333333
TCGA-B6-A0WY	-0.166666666666667	-1.04166666666667	-1.08333333333333	-1.04166666666667	-0.125	-1	-1.04166666666667	-1	0	-0.875	-0.916666666666667	-0.875
TCGA-B6-A0X0	0	-0.291666666666667	-0.458333333333333	-1.125	-0.0833333333333333	-0.375	-0.541666666666667	-1.20833333333333	0	-0.291666666666667	-0.458333333333333	-1.125
TCGA-B6-A0X1	0	0	0	0	0	0	0	0	0	0	0	0
TCGA-B6-A0X4	0.166666666666667	0	-0.416666666666667	-0.666666666666667	0.125	-0.0416666666666667	-0.458333333333333	-0.708333333333333	0	-0.166666666666667	-0.583333333333333	-0.833333333333333
TCGA-B6-A1KC	-0.0416666666666667	-0.208333333333333	0.166666666666667	0.291666666666667	0	-0.166666666666667	0.208333333333333	0.333333333333333	0	-0.166666666666667	0.208333333333333	0.333333333333333
TCGA-B6-A1KF	0.125	0.291666666666667	0.208333333333333	-0.208333333333333	-0.0416666666666667	0.125	0.0416666666666667	-0.375	0	0.166666666666667	0.0833333333333333	-0.333333333333333
TCGA-B6-A1KI	0.125	0.291666666666667	-0.125	-0.25	-0.166666666666667	0	-0.416666666666667	-0.541666666666667	0	0.166666666666667	-0.25	-0.375
TCGA-B6-A1KN	-0.166666666666667	0.333333333333333	0.166666666666667	-0.833333333333333	-0.166666666666667	0.333333333333333	0.166666666666667	-0.833333333333333	0	0.5	0.333333333333333	-0.666666666666667
TCGA-B6-A40B	0.125	-0.125	-0.291666666666667	-0.208333333333333	0.166666666666667	-0.0833333333333333	-0.25	-0.166666666666667	0	-0.25	-0.416666666666667	-0.333333333333333
TCGA-B6-A40C	0.125	-0.125	-0.5	-1.08333333333333	-0.208333333333333	-0.458333333333333	-0.833333333333333	-1.41666666666667	0	-0.25	-0.625	-1.20833333333333
TCGA-BH-A0AW	-0.208333333333333	-0.25	-0.25	-0.125	0.208333333333333	0.166666666666667	0.166666666666667	0.291666666666667	0	-0.0416666666666667	-0.0416666666666667	0.0833333333333333
TCGA-BH-A0AY	0.333333333333333	0.458333333333333	0.0416666666666667	-0.666666666666667	-0.125	0	-0.416666666666667	-1.125	0	0.125	-0.291666666666667	-1
TCGA-BH-A0B3	0	-1.05	-0.75	-0.4	-0.15	-1.2	-0.9	-0.55	0	-1.05	-0.75	-0.4
TCGA-BH-A0B4	0	-0.333333333333333	-0.666666666666667	-0.833333333333333	-0.166666666666667	-0.5	-0.833333333333333	-1	0	-0.333333333333333	-0.666666666666667	-0.833333333333333
TCGA-BH-A0B6	0	-0.4	-1	-1.4	-0.2	-0.6	-1.2	-1.6	0	-0.4	-1	-1.4
TCGA-BH-A0B7	0	0	-0.333333333333333	-0.333333333333333	0	0	-0.333333333333333	-0.333333333333333	0	0	-0.333333333333333	-0.333333333333333
TCGA-BH-A0B9	0	-0.166666666666667	-0.166666666666667	-0.333333333333333	0.166666666666667	0	0	-0.166666666666667	0	-0.166666666666667	-0.166666666666667	-0.333333333333333
TCGA-BH-A0BA	0	-0.166666666666667	-0.333333333333333	0	0.166666666666667	0	-0.166666666666667	0.166666666666667	0	-0.166666666666667	-0.333333333333333	0
TCGA-BH-A0BC	-0.2	0	-0.4	0.2	-0.2	0	-0.4	0.2	0	0.2	-0.2	0.4
TCGA-BH-A0BD	0.2	0	0.4	0.2	0	-0.2	0.2	0	0	-0.2	0.2	0
TCGA-BH-A0BG	0	0	0	0.05	-0.25	-0.25	-0.25	-0.2	0	0	0	0.05
TCGA-BH-A0BJ	0	-0.166666666666667	0.5	0.333333333333333	0	-0.166666666666667	0.5	0.333333333333333	0	-0.166666666666667	0.5	0.333333333333333
TCGA-BH-A0BL	0	-0.166666666666667	-0.166666666666667	0	0	-0.166666666666667	-0.166666666666667	0	0	-0.166666666666667	-0.166666666666667	0
TCGA-BH-A0BM	-0.166666666666667	0	-0.125	-0.625	-0.208333333333333	-0.0416666666666667	-0.166666666666667	-0.666666666666667	0	0.166666666666667	0.0416666666666667	-0.458333333333333
TCGA-BH-A0BO	0	0	-0.2	-0.4	-0.2	-0.2	-0.4	-0.6	0	0	-0.2	-0.4
TCGA-BH-A0BP	0	0	-0.166666666666667	0.166666666666667	0.166666666666667	0.166666666666667	0	0.333333333333333	0	0	-0.166666666666667	0.166666666666667
TCGA-BH-A0BQ	-0.166666666666667	-0.333333333333333	-0.166666666666667	-0.166666666666667	0	-0.166666666666667	0	0	0	-0.166666666666667	0	0
TCGA-BH-A0BV	-0.125	-0.708333333333333	-0.666666666666667	-0.5	-0.25	-0.833333333333333	-0.791666666666667	-0.625	0	-0.583333333333333	-0.541666666666667	-0.375
TCGA-BH-A0C0	-0.166666666666667	-0.166666666666667	-1	-0.833333333333333	-0.5	-0.5	-1.33333333333333	-1.16666666666667	0	0	-0.833333333333333	-0.666666666666667
TCGA-BH-A0C1	-0.333333333333333	-0.333333333333333	-1.16666666666667	-1.33333333333333	-0.5	-0.5	-1.33333333333333	-1.5	0	0	-0.833333333333333	-1
TCGA-BH-A0C7	0	0	0	0	0	0	0	0	0	0	0	0
TCGA-BH-A0DE	0.0416666666666667	-0.375	-0.458333333333333	-0.208333333333333	-0.25	-0.666666666666667	-0.75	-0.5	0	-0.416666666666667	-0.5	-0.25
TCGA-BH-A0DH	-0.458333333333333	-0.25	-0.0416666666666667	-1.125	-0.333333333333333	-0.125	0.0833333333333333	-1	0	0.208333333333333	0.416666666666667	-0.666666666666667
TCGA-BH-A0DK	-0.333333333333333	-0.166666666666667	-0.541666666666667	-0.458333333333333	-0.333333333333333	-0.166666666666667	-0.541666666666667	-0.458333333333333	0	0.166666666666667	-0.208333333333333	-0.125
TCGA-BH-A0DL	-0.125	-0.0833333333333333	-0.458333333333333	-0.375	0	0.0416666666666667	-0.333333333333333	-0.25	0	0.0416666666666667	-0.333333333333333	-0.25
TCGA-BH-A0DP	-0.166666666666667	-0.5	-0.416666666666667	-0.291666666666667	-0.166666666666667	-0.5	-0.416666666666667	-0.291666666666667	0	-0.333333333333333	-0.25	-0.125
TCGA-BH-A0DQ	0.6	-0.1	0.25	-0.25	0.4	-0.3	0.05	-0.45	0	-0.7	-0.35	-0.85
TCGA-BH-A0DS	-0.333333333333333	-0.166666666666667	-0.166666666666667	-0.166666666666667	-0.333333333333333	-0.166666666666667	-0.166666666666667	-0.166666666666667	0	0.166666666666667	0.166666666666667	0.166666666666667
TCGA-BH-A0DX	0	-0.5	-1	-0.833333333333333	-0.166666666666667	-0.666666666666667	-1.16666666666667	-1	0	-0.5	-1	-0.833333333333333
TCGA-BH-A0DZ	0	-0.666666666666667	-1.66666666666667	-1.66666666666667	-0.333333333333333	-1	-2	-2	0	-0.666666666666667	-1.66666666666667	-1.66666666666667
TCGA-BH-A0E0	0.25	-0.333333333333333	-0.75	-0.708333333333333	-0.333333333333333	-0.916666666666667	-1.33333333333333	-1.29166666666667	0	-0.583333333333333	-1	-0.958333333333333
TCGA-BH-A0E1	0.333333333333333	-0.166666666666667	0.333333333333333	0.333333333333333	0.333333333333333	-0.166666666666667	0.333333333333333	0.333333333333333	0	-0.5	0	0
TCGA-BH-A0E7	0	-0.5	-0.166666666666667	0	0	-0.5	-0.166666666666667	0	0	-0.5	-0.166666666666667	0
TCGA-BH-A0E9	0	-0.166666666666667	-1	-0.833333333333333	-0.333333333333333	-0.5	-1.33333333333333	-1.16666666666667	0	-0.166666666666667	-1	-0.833333333333333
TCGA-BH-A0EA	-0.25	0.0833333333333333	0.125	-0.625	0.0416666666666667	0.375	0.416666666666667	-0.333333333333333	0	0.333333333333333	0.375	-0.375
TCGA-BH-A0EB	-0.166666666666667	-0.75	-0.458333333333333	-0.458333333333333	-0.291666666666667	-0.875	-0.583333333333333	-0.583333333333333	0	-0.583333333333333	-0.291666666666667	-0.291666666666667
TCGA-BH-A0EE	-0.4	0	0.6	-0.25	-0.05	0.35	0.95	0.1	0	0.4	1	0.15
TCGA-BH-A0EI	0	-0.833333333333333	-0.625	-0.416666666666667	-0.125	-0.958333333333333	-0.75	-0.541666666666667	0	-0.833333333333333	-0.625	-0.416666666666667
TCGA-BH-A0GY	-0.166666666666667	-0.166666666666667	-0.666666666666667	0	-0.166666666666667	-0.166666666666667	-0.666666666666667	0	0	0	-0.5	0.166666666666667
TCGA-BH-A0GZ	0.2	-0.55	-0.35	0.15	0.2	-0.55	-0.35	0.15	0	-0.75	-0.55	-0.05
TCGA-BH-A0H0	-0.125	-1.58333333333333	-1.04166666666667	-1	-0.125	-1.58333333333333	-1.04166666666667	-1	0	-1.45833333333333	-0.916666666666667	-0.875
TCGA-BH-A0H5	0	-0.8	-1	-1.4	-0.2	-1	-1.2	-1.6	0	-0.8	-1	-1.4
TCGA-BH-A0H6	-0.166666666666667	-0.5	-1	-1.16666666666667	-0.333333333333333	-0.666666666666667	-1.16666666666667	-1.33333333333333	0	-0.333333333333333	-0.833333333333333	-1
TCGA-BH-A0H7	-0.55	0	-0.2	-0.15	-0.55	0	-0.2	-0.15	0	0.55	0.35	0.4
TCGA-BH-A0H9	0	0	0	0	0	0	0	0	0	0	0	0
TCGA-BH-A0HB	-0.4	-0.4	-0.35	-0.45	-0.25	-0.25	-0.2	-0.3	0	0	0.05	-0.05
TCGA-BH-A0HI	-0.833333333333333	-0.666666666666667	-1.5	-1.33333333333333	-0.833333333333333	-0.666666666666667	-1.5	-1.33333333333333	0	0.166666666666667	-0.666666666666667	-0.5
TCGA-BH-A0HK	0	0	-0.2	-0.05	-0.15	-0.15	-0.35	-0.2	0	0	-0.2	-0.05
TCGA-BH-A0HO	-0.4	0.2	-0.2	-0.75	-0.45	0.15	-0.25	-0.8	0	0.6	0.2	-0.35
TCGA-BH-A0HP	-0.166666666666667	-0.333333333333333	-1.16666666666667	-0.833333333333333	-0.333333333333333	-0.5	-1.33333333333333	-1	0	-0.166666666666667	-1	-0.666666666666667
TCGA-BH-A0HQ	0	0	0	0	0	0	0	0	0	0	0	0
TCGA-BH-A0HU	0	0	-0.5	-0.5	0.166666666666667	0.166666666666667	-0.333333333333333	-0.333333333333333	0	0	-0.5	-0.5
TCGA-BH-A0HX	-0.25	0.166666666666667	-0.916666666666667	-0.875	-0.25	0.166666666666667	-0.916666666666667	-0.875	0	0.416666666666667	-0.666666666666667	-0.625
TCGA-BH-A0HY	-0.166666666666667	-0.333333333333333	0	0	0	-0.166666666666667	0.166666666666667	0.166666666666667	0	-0.166666666666667	0.166666666666667	0.166666666666667
TCGA-BH-A0W4	-0.333333333333333	0.0833333333333333	-0.458333333333333	-0.541666666666667	0.0416666666666667	0.458333333333333	-0.0833333333333333	-0.166666666666667	0	0.416666666666667	-0.125	-0.208333333333333
TCGA-BH-A0W5	0	0	0	0	0	0	0	0	0	0	0	0
TCGA-BH-A0W7	0	-0.75	-0.666666666666667	-0.458333333333333	0.0416666666666667	-0.708333333333333	-0.625	-0.416666666666667	0	-0.75	-0.666666666666667	-0.458333333333333
TCGA-BH-A0WA	0	0	-0.2	-0.4	0	0	-0.2	-0.4	0	0	-0.2	-0.4
TCGA-BH-A18G	-0.125	-0.291666666666667	-0.75	-0.25	0.0416666666666667	-0.125	-0.583333333333333	-0.0833333333333333	0	-0.166666666666667	-0.625	-0.125
TCGA-BH-A18H	-0.458333333333333	-0.166666666666667	-0.583333333333333	-0.291666666666667	-0.458333333333333	-0.166666666666667	-0.583333333333333	-0.291666666666667	0	0.291666666666667	-0.125	0.166666666666667
TCGA-BH-A18I	-0.2	0	-0.4	0	-0.2	0	-0.4	0	0	0.2	-0.2	0.2
TCGA-BH-A201	-0.166666666666667	-0.333333333333333	0	-0.333333333333333	0	-0.166666666666667	0.166666666666667	-0.166666666666667	0	-0.166666666666667	0.166666666666667	-0.166666666666667
TCGA-BH-A202	-0.333333333333333	-0.25	-0.416666666666667	-0.708333333333333	-0.375	-0.291666666666667	-0.458333333333333	-0.75	0	0.0833333333333333	-0.0833333333333333	-0.375
TCGA-BH-A28O	0	-0.333333333333333	-0.833333333333333	-1	-0.333333333333333	-0.666666666666667	-1.16666666666667	-1.33333333333333	0	-0.333333333333333	-0.833333333333333	-1
TCGA-BH-A28Q	0	-0.583333333333333	-0.166666666666667	0.25	0.666666666666667	0.0833333333333333	0.5	0.916666666666667	0	-0.583333333333333	-0.166666666666667	0.25
TCGA-BH-A2L8	0	0.166666666666667	0	-0.333333333333333	0	0.166666666666667	0	-0.333333333333333	0	0.166666666666667	0	-0.333333333333333
TCGA-BH-A6R9	0	0	0	0	0	0	0	0	0	0	0	0
TCGA-BH-A8FZ	-0.15	0.2	-0.6	-0.5	-0.35	0	-0.8	-0.7	0	0.35	-0.45	-0.35
TCGA-BH-A8G0	-0.208333333333333	-0.291666666666667	-0.333333333333333	-0.666666666666667	-0.333333333333333	-0.416666666666667	-0.458333333333333	-0.791666666666667	0	-0.0833333333333333	-0.125	-0.458333333333333
TCGA-D8-A13Y	-0.166666666666667	0.416666666666667	0.125	-0.125	0	0.583333333333333	0.291666666666667	0.0416666666666667	0	0.583333333333333	0.291666666666667	0.0416666666666667
TCGA-D8-A13Z	-0.8	-0.95	-1.95	-0.75	-0.8	-0.95	-1.95	-0.75	0	-0.15	-1.15	0.05
TCGA-D8-A140	-0.416666666666667	-0.625	-0.791666666666667	-0.375	-0.541666666666667	-0.75	-0.916666666666667	-0.5	0	-0.208333333333333	-0.375	0.0416666666666667
TCGA-D8-A141	-0.333333333333333	-0.166666666666667	0	-0.458333333333333	-0.166666666666667	0	0.166666666666667	-0.291666666666667	0	0.166666666666667	0.333333333333333	-0.125
TCGA-D8-A142	0.166666666666667	0	-0.666666666666667	-1	-0.333333333333333	-0.5	-1.16666666666667	-1.5	0	-0.166666666666667	-0.833333333333333	-1.16666666666667
TCGA-D8-A143	-0.166666666666667	0	0.333333333333333	0.166666666666667	0	0.166666666666667	0.5	0.333333333333333	0	0.166666666666667	0.5	0.333333333333333
TCGA-D8-A145	0	0	0	-0.166666666666667	-0.166666666666667	-0.166666666666667	-0.166666666666667	-0.333333333333333	0	0	0	-0.166666666666667
TCGA-D8-A146	0	0	-0.333333333333333	-0.166666666666667	0.333333333333333	0.333333333333333	0	0.166666666666667	0	0	-0.333333333333333	-0.166666666666667
TCGA-D8-A147	0	-0.333333333333333	-1	-1.16666666666667	-0.166666666666667	-0.5	-1.16666666666667	-1.33333333333333	0	-0.333333333333333	-1	-1.16666666666667
TCGA-D8-A1J8	-0.25	0.5	0.5	-1	-0.25	0.5	0.5	-1	0	0.75	0.75	-0.75
TCGA-D8-A1J9	-0.166666666666667	-0.333333333333333	-1	-1	-0.333333333333333	-0.5	-1.16666666666667	-1.16666666666667	0	-0.166666666666667	-0.833333333333333	-0.833333333333333
TCGA-D8-A1JA	0	0	-0.166666666666667	-0.666666666666667	0	0	-0.166666666666667	-0.666666666666667	0	0	-0.166666666666667	-0.666666666666667
TCGA-D8-A1JB	-0.333333333333333	-0.291666666666667	0.125	0.125	-0.208333333333333	-0.166666666666667	0.25	0.25	0	0.0416666666666667	0.458333333333333	0.458333333333333
TCGA-D8-A1JC	-0.333333333333333	-0.833333333333333	-1	-1.33333333333333	-0.5	-1	-1.16666666666667	-1.5	0	-0.5	-0.666666666666667	-1
TCGA-D8-A1JD	0	-0.666666666666667	-1	-1.16666666666667	0	-0.666666666666667	-1	-1.16666666666667	0	-0.666666666666667	-1	-1.16666666666667
TCGA-D8-A1JE	-0.2	-0.4	-0.2	0.25	-0.35	-0.55	-0.35	0.1	0	-0.2	0	0.45
TCGA-D8-A1JG	0	-0.4	0	0	0	-0.4	0	0	0	-0.4	0	0
TCGA-D8-A1JH	0	0	0	0	0	0	0	0	0	0	0	0
TCGA-D8-A1JI	-0.25	-0.333333333333333	-1.16666666666667	-0.333333333333333	-0.333333333333333	-0.416666666666667	-1.25	-0.416666666666667	0	-0.0833333333333333	-0.916666666666667	-0.0833333333333333
TCGA-D8-A1JJ	0.166666666666667	-0.625	-0.625	-1.125	0.0416666666666667	-0.75	-0.75	-1.25	0	-0.791666666666667	-0.791666666666667	-1.29166666666667
TCGA-D8-A1JK	-0.2	-0.2	-0.6	-0.4	-0.2	-0.2	-0.6	-0.4	0	0	-0.4	-0.2
TCGA-D8-A1JL	0	-0.5	-0.833333333333333	-1.16666666666667	-0.166666666666667	-0.666666666666667	-1	-1.33333333333333	0	-0.5	-0.833333333333333	-1.16666666666667
TCGA-D8-A1JM	0	-0.708333333333333	-0.625	-0.666666666666667	-0.25	-0.958333333333333	-0.875	-0.916666666666667	0	-0.708333333333333	-0.625	-0.666666666666667
TCGA-D8-A1JN	0	-0.333333333333333	-0.166666666666667	0.166666666666667	0	-0.333333333333333	-0.166666666666667	0.166666666666667	0	-0.333333333333333	-0.166666666666667	0.166666666666667
TCGA-D8-A1JP	0	-0.35	-0.5	-0.7	-0.2	-0.55	-0.7	-0.9	0	-0.35	-0.5	-0.7
TCGA-D8-A1JS	-0.25	-0.541666666666667	-0.208333333333333	0	0.0416666666666667	-0.25	0.0833333333333333	0.291666666666667	0	-0.291666666666667	0.0416666666666667	0.25
TCGA-D8-A1JT	-0.4	-0.4	-1	-1.8	-0.8	-0.8	-1.4	-2.2	0	0	-0.6	-1.4
TCGA-D8-A1JU	0	0	0	0	0	0	0	0	0	0	0	0
TCGA-D8-A1X5	-0.125	-0.0833333333333333	-0.208333333333333	-1.33333333333333	-0.291666666666667	-0.25	-0.375	-1.5	0	0.0416666666666667	-0.0833333333333333	-1.20833333333333
TCGA-D8-A1X6	0.166666666666667	-0.458333333333333	-0.125	0.333333333333333	0.333333333333333	-0.291666666666667	0.0416666666666667	0.5	0	-0.625	-0.291666666666667	0.166666666666667
TCGA-D8-A1X7	0	0	-0.333333333333333	0.166666666666667	-0.166666666666667	-0.166666666666667	-0.5	0	0	0	-0.333333333333333	0.166666666666667
TCGA-D8-A1X8	-0.458333333333333	0	0.0416666666666667	-0.458333333333333	0	0.458333333333333	0.5	0	0	0.458333333333333	0.5	0
TCGA-D8-A1X9	0	-0.4	-1	-1.6	-0.4	-0.8	-1.4	-2	0	-0.4	-1	-1.6
TCGA-D8-A1XA	-0.166666666666667	-0.5	-1	-1.16666666666667	-0.333333333333333	-0.666666666666667	-1.16666666666667	-1.33333333333333	0	-0.333333333333333	-0.833333333333333	-1
TCGA-D8-A1XB	0	-0.166666666666667	-0.333333333333333	-0.333333333333333	0	-0.166666666666667	-0.333333333333333	-0.333333333333333	0	-0.166666666666667	-0.333333333333333	-0.333333333333333
TCGA-D8-A1XC	0.166666666666667	-0.333333333333333	-0.833333333333333	-1.16666666666667	-0.166666666666667	-0.666666666666667	-1.16666666666667	-1.5	0	-0.5	-1	-1.33333333333333
TCGA-D8-A1XF	0	-0.416666666666667	-0.666666666666667	-0.25	0	-0.416666666666667	-0.666666666666667	-0.25	0	-0.416666666666667	-0.666666666666667	-0.25
TCGA-D8-A1XG	0.375	0.333333333333333	0.0833333333333333	0.0416666666666667	0.208333333333333	0.166666666666667	-0.0833333333333333	-0.125	0	-0.0416666666666667	-0.291666666666667	-0.333333333333333
TCGA-D8-A1XJ	0	0	0	0	0	0	0	0	0	0	0	0
TCGA-D8-A1XK	0.0416666666666667	-0.125	-0.333333333333333	-0.333333333333333	0.166666666666667	0	-0.208333333333333	-0.208333333333333	0	-0.166666666666667	-0.375	-0.375
TCGA-D8-A1XL	0.2	-0.85	-0.95	-1.55	0.05	-1	-1.1	-1.7	0	-1.05	-1.15	-1.75
TCGA-D8-A1XM	0	0	-0.333333333333333	0	0	0	-0.333333333333333	0	0	0	-0.333333333333333	0
TCGA-D8-A1XO	-0.125	0.0416666666666667	-0.75	-1.20833333333333	-0.166666666666667	0	-0.791666666666667	-1.25	0	0.166666666666667	-0.625	-1.08333333333333
TCGA-D8-A1XQ	-0.125	-0.583333333333333	-0.333333333333333	-1.25	0.166666666666667	-0.291666666666667	-0.0416666666666667	-0.958333333333333	0	-0.458333333333333	-0.208333333333333	-1.125
TCGA-D8-A1XR	0.166666666666667	0.166666666666667	0	0	0	0	-0.166666666666667	-0.166666666666667	0	0	-0.166666666666667	-0.166666666666667
TCGA-D8-A1XS	0.2	-0.2	-1	-1	0.4	0	-0.8	-0.8	0	-0.4	-1.2	-1.2
TCGA-D8-A1XT	0	-0.6	-0.8	-0.8	-0.2	-0.8	-1	-1	0	-0.6	-0.8	-0.8
TCGA-D8-A1XU	0	-0.666666666666667	-1	-1	-0.166666666666667	-0.833333333333333	-1.16666666666667	-1.16666666666667	0	-0.666666666666667	-1	-1
TCGA-D8-A1XV	0	-0.5	-0.833333333333333	-1.16666666666667	-0.166666666666667	-0.666666666666667	-1	-1.33333333333333	0	-0.5	-0.833333333333333	-1.16666666666667
TCGA-D8-A1XW	-0.0555555555555556	-0.0555555555555556	-0.166666666666667	-0.0555555555555556	-0.0555555555555556	-0.0555555555555556	-0.166666666666667	-0.0555555555555556	0	0	-0.111111111111111	0
TCGA-D8-A1XY	0.05	-0.2	-0.9	0.2	0.05	-0.2	-0.9	0.2	0	-0.25	-0.95	0.15
TCGA-D8-A1XZ	0.2	-0.9	-0.75	-0.7	0.25	-0.85	-0.7	-0.65	0	-1.1	-0.95	-0.9
TCGA-D8-A1Y0	0	0	0	0	0	0	0	0	0	0	0	0
TCGA-D8-A1Y1	-0.2	-0.4	-1.2	-1	-0.4	-0.6	-1.4	-1.2	0	-0.2	-1	-0.8
TCGA-D8-A1Y2	0.0555555555555556	-0.111111111111111	-9.2443293567896e-18	0.166666666666667	0.0555555555555556	-0.111111111111111	-9.2443293567896e-18	0.166666666666667	0	-0.166666666666667	-0.0555555555555556	0.111111111111111
TCGA-D8-A1Y3	0	0	-0.0416666666666667	-0.5	-0.0833333333333333	-0.0833333333333333	-0.125	-0.583333333333333	0	0	-0.0416666666666667	-0.5
TCGA-D8-A27E	-0.166666666666667	-0.333333333333333	0	-0.666666666666667	-0.166666666666667	-0.333333333333333	0	-0.666666666666667	0	-0.166666666666667	0.166666666666667	-0.5
TCGA-D8-A27F	0.5	-0.45	-0.4	0.45	0.3	-0.65	-0.6	0.25	0	-0.95	-0.9	-0.05
TCGA-D8-A27G	-0.05	-0.2	0	0	-0.05	-0.2	0	0	0	-0.15	0.05	0.05
TCGA-D8-A27I	-0.333333333333333	-1.45833333333333	-0.916666666666667	-0.583333333333333	-0.458333333333333	-1.58333333333333	-1.04166666666667	-0.708333333333333	0	-1.125	-0.583333333333333	-0.25
TCGA-D8-A27K	0	-0.5	-0.833333333333333	-1	0	-0.5	-0.833333333333333	-1	0	-0.5	-0.833333333333333	-1
TCGA-D8-A27L	0.222222222222222	0.166666666666667	0	0.388888888888889	0.222222222222222	0.166666666666667	0	0.388888888888889	0	-0.0555555555555556	-0.222222222222222	0.166666666666667
TCGA-D8-A27M	0.166666666666667	0	0	-0.333333333333333	0.166666666666667	0	0	-0.333333333333333	0	-0.166666666666667	-0.166666666666667	-0.5
TCGA-D8-A27N	0	0	0	0	0	0	0	0	0	0	0	0
TCGA-D8-A27P	0	0	0	0	0	0	0	0	0	0	0	0
TCGA-D8-A27R	-0.166666666666667	0.333333333333333	0.166666666666667	-0.5	-0.333333333333333	0.166666666666667	0	-0.666666666666667	0	0.5	0.333333333333333	-0.333333333333333
TCGA-D8-A27T	-0.2	-0.4	-0.4	-0.2	-0.2	-0.4	-0.4	-0.2	0	-0.2	-0.2	0
TCGA-D8-A27V	0	0	0	0	0	0	0	0	0	0	0	0
TCGA-D8-A27W	0.291666666666667	-0.458333333333333	-0.333333333333333	-0.5	-0.0833333333333333	-0.833333333333333	-0.708333333333333	-0.875	0	-0.75	-0.625	-0.791666666666667
TCGA-D8-A3Z5	-0.458333333333333	-0.25	0.208333333333333	-0.416666666666667	0	0.208333333333333	0.666666666666667	0.0416666666666667	0	0.208333333333333	0.666666666666667	0.0416666666666667
TCGA-D8-A3Z6	0	-0.75	-1.5	-1.75	-0.25	-1	-1.75	-2	0	-0.75	-1.5	-1.75
TCGA-D8-A4Z1	0	-0.333333333333333	-0.833333333333333	-1	-0.333333333333333	-0.666666666666667	-1.16666666666667	-1.33333333333333	0	-0.333333333333333	-0.833333333333333	-1
TCGA-D8-A73U	-0.4	0.4	0	-0.8	-0.4	0.4	0	-0.8	0	0.8	0.4	-0.4
TCGA-D8-A73W	0	0	0	0.166666666666667	0.166666666666667	0.166666666666667	0.166666666666667	0.333333333333333	0	0	0	0.166666666666667
TCGA-D8-A73X	0.166666666666667	0.166666666666667	-0.166666666666667	0	-0.166666666666667	-0.166666666666667	-0.5	-0.333333333333333	0	0	-0.333333333333333	-0.166666666666667
TCGA-E2-A10C	-0.458333333333333	-0.166666666666667	-0.583333333333333	-0.375	-0.333333333333333	-0.0416666666666667	-0.458333333333333	-0.25	0	0.291666666666667	-0.125	0.0833333333333333
TCGA-E2-A14N	-0.166666666666667	-0.166666666666667	-0.166666666666667	0.166666666666667	0.166666666666667	0.166666666666667	0.166666666666667	0.5	0	0	0	0.333333333333333
TCGA-E2-A14O	0.416666666666667	-0.333333333333333	-0.916666666666667	0.666666666666667	-0.25	-1	-1.58333333333333	0	0	-0.75	-1.33333333333333	0.25
TCGA-E2-A14P	-0.166666666666667	0	-0.333333333333333	0.166666666666667	0	0.166666666666667	-0.166666666666667	0.333333333333333	0	0.166666666666667	-0.166666666666667	0.333333333333333
TCGA-E2-A14Q	0.166666666666667	0	0.166666666666667	0.333333333333333	0.166666666666667	0	0.166666666666667	0.333333333333333	0	-0.166666666666667	0	0.166666666666667
TCGA-E2-A14R	0	-0.5	-1	-1.16666666666667	-0.166666666666667	-0.666666666666667	-1.16666666666667	-1.33333333333333	0	-0.5	-1	-1.16666666666667
TCGA-E2-A14T	-0.333333333333333	-0.416666666666667	-0.291666666666667	-0.166666666666667	-0.208333333333333	-0.291666666666667	-0.166666666666667	-0.0416666666666667	0	-0.0833333333333333	0.0416666666666667	0.166666666666667
TCGA-E2-A14U	0	-0.166666666666667	-0.166666666666667	0.333333333333333	0.166666666666667	0	0	0.5	0	-0.166666666666667	-0.166666666666667	0.333333333333333
TCGA-E2-A14V	-0.333333333333333	0	-0.333333333333333	0.333333333333333	0	0.333333333333333	0	0.666666666666667	0	0.333333333333333	0	0.666666666666667
TCGA-E2-A14W	-0.125	-1.04166666666667	0.0416666666666667	-0.458333333333333	0	-0.916666666666667	0.166666666666667	-0.333333333333333	0	-0.916666666666667	0.166666666666667	-0.333333333333333
TCGA-E2-A14Y	0	-0.25	-0.25	-0.75	-0.25	-0.5	-0.5	-1	0	-0.25	-0.25	-0.75
TCGA-E2-A14Z	0	-0.291666666666667	-0.125	0.291666666666667	0.291666666666667	0	0.166666666666667	0.583333333333333	0	-0.291666666666667	-0.125	0.291666666666667
TCGA-E2-A150	-0.5	-0.25	0	-0.75	-0.5	-0.25	0	-0.75	0	0.25	0.5	-0.25
TCGA-E2-A152	0	-0.5	-0.4375	-2.0625	0.6875	0.1875	0.25	-1.375	0	-0.5	-0.4375	-2.0625
TCGA-E2-A154	0	-0.333333333333333	-0.166666666666667	-0.166666666666667	0	-0.333333333333333	-0.166666666666667	-0.166666666666667	0	-0.333333333333333	-0.166666666666667	-0.166666666666667
TCGA-E2-A155	0.166666666666667	0.166666666666667	0.166666666666667	-0.5	-0.166666666666667	-0.166666666666667	-0.166666666666667	-0.833333333333333	0	0	0	-0.666666666666667
TCGA-E2-A156	0	-0.75	-1.5	-1.75	-0.25	-1	-1.75	-2	0	-0.75	-1.5	-1.75
TCGA-E2-A158	-0.125	-0.708333333333333	-1.04166666666667	-0.875	-0.25	-0.833333333333333	-1.16666666666667	-1	0	-0.583333333333333	-0.916666666666667	-0.75
TCGA-E2-A15A	-0.333333333333333	-0.166666666666667	-0.166666666666667	-0.166666666666667	-0.166666666666667	0	0	0	0	0.166666666666667	0.166666666666667	0.166666666666667
TCGA-E2-A15C	0	0	0	0	0	0	0	0	0	0	0	0
TCGA-E2-A15D	-0.166666666666667	-0.166666666666667	0.166666666666667	-0.416666666666667	0.125	0.125	0.458333333333333	-0.125	0	0	0.333333333333333	-0.25
TCGA-E2-A15E	0	0	0	0	0	0	0	0	0	0	0	0
TCGA-E2-A15G	0	-0.25	-0.5	-0.25	0.25	0	-0.25	0	0	-0.25	-0.5	-0.25
TCGA-E2-A15H	-0.541666666666667	-0.625	-1.20833333333333	-0.583333333333333	-0.541666666666667	-0.625	-1.20833333333333	-0.583333333333333	0	-0.0833333333333333	-0.666666666666667	-0.0416666666666667
TCGA-E2-A15J	0	-0.833333333333333	-0.916666666666667	-1.16666666666667	-0.25	-1.08333333333333	-1.16666666666667	-1.41666666666667	0	-0.833333333333333	-0.916666666666667	-1.16666666666667
TCGA-E2-A15K	-0.2	-0.2	-0.2	0	0	0	0	0.2	0	0	0	0.2
TCGA-E2-A15M	0	-0.6	-1	-1	-0.2	-0.8	-1.2	-1.2	0	-0.6	-1	-1
TCGA-E2-A15P	-0.15	-0.45	-0.55	-0.3	0	-0.3	-0.4	-0.15	0	-0.3	-0.4	-0.15
TCGA-E2-A15R	0	-0.333333333333333	-0.166666666666667	-0.333333333333333	0	-0.333333333333333	-0.166666666666667	-0.333333333333333	0	-0.333333333333333	-0.166666666666667	-0.333333333333333
TCGA-E2-A15S	0	-0.35	-0.1	0	0	-0.35	-0.1	0	0	-0.35	-0.1	0
TCGA-E2-A15T	-0.166666666666667	-0.75	-0.708333333333333	-0.125	-0.166666666666667	-0.75	-0.708333333333333	-0.125	0	-0.583333333333333	-0.541666666666667	0.0416666666666667
TCGA-E2-A1B0	-0.15	0.05	-0.55	-1.05	-0.2	0	-0.6	-1.1	0	0.2	-0.4	-0.9
TCGA-E2-A1B1	-0.166666666666667	0	-0.5	0	-0.166666666666667	0	-0.5	0	0	0.166666666666667	-0.333333333333333	0.166666666666667
TCGA-E2-A1B4	0	-0.75	-0.0833333333333333	0.208333333333333	0.333333333333333	-0.416666666666667	0.25	0.541666666666667	0	-0.75	-0.0833333333333333	0.208333333333333
TCGA-E2-A1B5	0	0	-0.333333333333333	-0.166666666666667	0	0	-0.333333333333333	-0.166666666666667	0	0	-0.333333333333333	-0.166666666666667
TCGA-E2-A1B6	-0.3	-0.666666666666667	-0.633333333333333	-1.06666666666667	-0.3	-0.666666666666667	-0.633333333333333	-1.06666666666667	0	-0.366666666666667	-0.333333333333333	-0.766666666666667
TCGA-E2-A1BC	0	-0.166666666666667	-0.166666666666667	0	0.166666666666667	0	0	0.166666666666667	0	-0.166666666666667	-0.166666666666667	0
TCGA-E2-A1BD	0	-1.05	-0.75	-0.4	-0.15	-1.2	-0.9	-0.55	0	-1.05	-0.75	-0.4
TCGA-E2-A1IE	0	0.388888888888889	0.111111111111111	-0.222222222222222	-0.166666666666667	0.222222222222222	-0.0555555555555556	-0.388888888888889	0	0.388888888888889	0.111111111111111	-0.222222222222222
TCGA-E2-A1IF	0	-0.2	-0.4	0	0	-0.2	-0.4	0	0	-0.2	-0.4	0
TCGA-E2-A1IG	0.0416666666666667	-0.625	-0.0833333333333333	-0.0416666666666667	0.208333333333333	-0.458333333333333	0.0833333333333333	0.125	0	-0.666666666666667	-0.125	-0.0833333333333333
TCGA-E2-A1IH	0	-0.166666666666667	-0.5	-0.666666666666667	0.166666666666667	0	-0.333333333333333	-0.5	0	-0.166666666666667	-0.5	-0.666666666666667
TCGA-E2-A1II	-0.2	0.2	0	-0.4	-0.2	0.2	0	-0.4	0	0.4	0.2	-0.2
TCGA-E2-A1IJ	0	0	0.166666666666667	-0.5	0.166666666666667	0.166666666666667	0.333333333333333	-0.333333333333333	0	0	0.166666666666667	-0.5
TCGA-E2-A1IK	-0.291666666666667	-0.791666666666667	-0.458333333333333	-1.25	-0.25	-0.75	-0.416666666666667	-1.20833333333333	0	-0.5	-0.166666666666667	-0.958333333333333
TCGA-E2-A1IL	-0.166666666666667	0	-0.666666666666667	-0.166666666666667	0	0.166666666666667	-0.5	0	0	0.166666666666667	-0.5	0
TCGA-E2-A1IN	-0.125	-0.541666666666667	-1.20833333333333	-1.04166666666667	-0.25	-0.666666666666667	-1.33333333333333	-1.16666666666667	0	-0.416666666666667	-1.08333333333333	-0.916666666666667
TCGA-E2-A1IO	0.166666666666667	0	-0.166666666666667	-0.333333333333333	0	-0.166666666666667	-0.333333333333333	-0.5	0	-0.166666666666667	-0.333333333333333	-0.5
TCGA-E2-A1L6	-0.35	-0.1	-0.55	-1.55	-0.35	-0.1	-0.55	-1.55	0	0.25	-0.2	-1.2
TCGA-E2-A1L7	0	0	0	0	0	0	0	0	0	0	0	0
TCGA-E2-A1L9	0	-0.166666666666667	-0.333333333333333	0	0	-0.166666666666667	-0.333333333333333	0	0	-0.166666666666667	-0.333333333333333	0
TCGA-E2-A3DX	0.0416666666666667	-0.416666666666667	-0.166666666666667	-0.416666666666667	0.166666666666667	-0.291666666666667	-0.0416666666666667	-0.291666666666667	0	-0.458333333333333	-0.208333333333333	-0.458333333333333
TCGA-E9-A1N3	0.333333333333333	0.333333333333333	0	-0.333333333333333	0	0	-0.333333333333333	-0.666666666666667	0	0	-0.333333333333333	-0.666666666666667
TCGA-E9-A1N4	0	0	0	0	0	0	0	0	0	0	0	0
TCGA-E9-A1N5	0	-0.2	-0.2	-0.6	-0.2	-0.4	-0.4	-0.8	0	-0.2	-0.2	-0.6
TCGA-E9-A1N8	0	-0.333333333333333	-0.166666666666667	0.166666666666667	0	-0.333333333333333	-0.166666666666667	0.166666666666667	0	-0.333333333333333	-0.166666666666667	0.166666666666667
TCGA-E9-A1N9	0.2	-0.6	-0.2	0.2	0.2	-0.6	-0.2	0.2	0	-0.8	-0.4	0
TCGA-E9-A1NA	0	-0.5	0	-0.5	0	-0.5	0	-0.5	0	-0.5	0	-0.5
TCGA-E9-A1NC	-0.5	-0.291666666666667	-0.0833333333333333	1.54166666666667	-0.5	-0.291666666666667	-0.0833333333333333	1.54166666666667	0	0.208333333333333	0.416666666666667	2.04166666666667
TCGA-E9-A1ND	0	0.166666666666667	0	-0.166666666666667	-0.166666666666667	0	-0.166666666666667	-0.333333333333333	0	0.166666666666667	0	-0.166666666666667
TCGA-E9-A1NE	0	-0.5	-1	-1.16666666666667	-0.166666666666667	-0.666666666666667	-1.16666666666667	-1.33333333333333	0	-0.5	-1	-1.16666666666667
TCGA-E9-A1NF	0	0	-0.4	-0.2	0	0	-0.4	-0.2	0	0	-0.4	-0.2
TCGA-E9-A1NG	0.166666666666667	0	0	0	0	-0.166666666666667	-0.166666666666667	-0.166666666666667	0	-0.166666666666667	-0.166666666666667	-0.166666666666667
TCGA-E9-A1NI	0	0	0	0	0	0	0	0	0	0	0	0
TCGA-E9-A1QZ	0.0416666666666667	-0.708333333333333	-0.875	-1.125	-0.0833333333333333	-0.833333333333333	-1	-1.25	0	-0.75	-0.916666666666667	-1.16666666666667
TCGA-E9-A1R0	-0.166666666666667	-0.166666666666667	-0.333333333333333	-0.5	-0.333333333333333	-0.333333333333333	-0.5	-0.666666666666667	0	0	-0.166666666666667	-0.333333333333333
TCGA-E9-A1R2	0	-0.666666666666667	-0.166666666666667	-0.166666666666667	0.166666666666667	-0.5	0	0	0	-0.666666666666667	-0.166666666666667	-0.166666666666667
TCGA-E9-A1R3	0.125	-0.166666666666667	0.125	0.416666666666667	0.125	-0.166666666666667	0.125	0.416666666666667	0	-0.291666666666667	0	0.291666666666667
TCGA-E9-A1R4	0	-0.333333333333333	-0.833333333333333	-1.16666666666667	-0.166666666666667	-0.5	-1	-1.33333333333333	0	-0.333333333333333	-0.833333333333333	-1.16666666666667
TCGA-E9-A1R5	-0.125	-0.125	-0.166666666666667	-1	-0.0833333333333333	-0.0833333333333333	-0.125	-0.958333333333333	0	0	-0.0416666666666667	-0.875
TCGA-E9-A1R6	-0.166666666666667	0.5	-0.166666666666667	-0.5	-0.333333333333333	0.333333333333333	-0.333333333333333	-0.666666666666667	0	0.666666666666667	0	-0.333333333333333
TCGA-E9-A1R7	0	0	0	0	0	0	0	0	0	0	0	0
TCGA-E9-A1RA	-0.166666666666667	-0.166666666666667	-0.333333333333333	0	-0.166666666666667	-0.166666666666667	-0.333333333333333	0	0	0	-0.166666666666667	0.166666666666667
TCGA-E9-A1RB	0.15	-0.05	0.3	0.55	0.05	-0.15	0.2	0.45	0	-0.2	0.15	0.4
TCGA-E9-A1RC	0.3125	-0.25	0.0625	0.25	0.3125	-0.25	0.0625	0.25	0	-0.5625	-0.25	-0.0625
TCGA-E9-A1RD	-0.166666666666667	0	-0.333333333333333	0.166666666666667	-0.166666666666667	0	-0.333333333333333	0.166666666666667	0	0.166666666666667	-0.166666666666667	0.333333333333333
TCGA-E9-A1RE	-0.4	-0.2	-0.55	-0.65	-0.25	-0.05	-0.4	-0.5	0	0.2	-0.15	-0.25
TCGA-E9-A1RF	0	-0.166666666666667	-0.166666666666667	0	0	-0.166666666666667	-0.166666666666667	0	0	-0.166666666666667	-0.166666666666667	0
TCGA-E9-A1RG	0	-0.5	-1.25	-1.25	-0.25	-0.75	-1.5	-1.5	0	-0.5	-1.25	-1.25
TCGA-E9-A1RH	0.208333333333333	-0.708333333333333	-0.583333333333333	-0.541666666666667	0.0833333333333333	-0.833333333333333	-0.708333333333333	-0.666666666666667	0	-0.916666666666667	-0.791666666666667	-0.75
TCGA-E9-A1RI	0	0.333333333333333	0.166666666666667	-0.166666666666667	0	0.333333333333333	0.166666666666667	-0.166666666666667	0	0.333333333333333	0.166666666666667	-0.166666666666667
TCGA-E9-A226	0	-0.3	-0.55	-0.45	-0.2	-0.5	-0.75	-0.65	0	-0.3	-0.55	-0.45
TCGA-E9-A227	-0.333333333333333	-0.5	-1.33333333333333	-1.16666666666667	-0.333333333333333	-0.5	-1.33333333333333	-1.16666666666667	0	-0.166666666666667	-1	-0.833333333333333
TCGA-E9-A228	-0.5	0	0	-0.3125	-0.3125	0.1875	0.1875	-0.125	0	0.5	0.5	0.1875
TCGA-E9-A229	-0.35	-0.3	-0.05	-0.95	-0.15	-0.1	0.15	-0.75	0	0.05	0.3	-0.6
TCGA-E9-A22A	0.0666666666666667	0.666666666666667	0.333333333333333	-0.133333333333333	-0.133333333333333	0.466666666666667	0.133333333333333	-0.333333333333333	0	0.6	0.266666666666667	-0.2
TCGA-E9-A22B	-0.166666666666667	0	-0.5	-0.333333333333333	-0.166666666666667	0	-0.5	-0.333333333333333	0	0.166666666666667	-0.333333333333333	-0.166666666666667
TCGA-E9-A22D	-0.166666666666667	-0.166666666666667	-0.5	-0.166666666666667	-0.166666666666667	-0.166666666666667	-0.5	-0.166666666666667	0	0	-0.333333333333333	0
TCGA-E9-A22E	0	0	-0.166666666666667	0.166666666666667	-0.166666666666667	-0.166666666666667	-0.333333333333333	0	0	0	-0.166666666666667	0.166666666666667
TCGA-E9-A22G	0	-0.25	0	-0.25	0	-0.25	0	-0.25	0	-0.25	0	-0.25
TCGA-E9-A22H	-0.2	0	0	-0.4	-0.4	-0.2	-0.2	-0.6	0	0.2	0.2	-0.2
TCGA-E9-A243	0	-0.625	-0.875	-0.791666666666667	0.166666666666667	-0.458333333333333	-0.708333333333333	-0.625	0	-0.625	-0.875	-0.791666666666667
TCGA-E9-A244	0	-0.125	0.25	-0.958333333333333	0.208333333333333	0.0833333333333333	0.458333333333333	-0.75	0	-0.125	0.25	-0.958333333333333
TCGA-E9-A245	-0.0416666666666667	-0.541666666666667	-0.666666666666667	0.208333333333333	0.125	-0.375	-0.5	0.375	0	-0.5	-0.625	0.25
TCGA-E9-A247	0	-0.5	-0.333333333333333	-0.333333333333333	0	-0.5	-0.333333333333333	-0.333333333333333	0	-0.5	-0.333333333333333	-0.333333333333333
TCGA-E9-A248	0.2	-0.2	-0.35	-0.45	0.6	0.2	0.05	-0.05	0	-0.4	-0.55	-0.65
TCGA-E9-A249	-0.166666666666667	-0.166666666666667	-0.166666666666667	-0.333333333333333	0	0	0	-0.166666666666667	0	0	0	-0.166666666666667
TCGA-E9-A24A	0.458333333333333	-0.375	-0.291666666666667	0.5	0.333333333333333	-0.5	-0.416666666666667	0.375	0	-0.833333333333333	-0.75	0.0416666666666667
TCGA-E9-A295	0.333333333333333	-0.416666666666667	-0.416666666666667	0	0.5	-0.25	-0.25	0.166666666666667	0	-0.75	-0.75	-0.333333333333333
TCGA-E9-A2JS	0	-0.333333333333333	0	0	0	-0.333333333333333	0	0	0	-0.333333333333333	0	0
TCGA-E9-A2JT	0.125	-0.166666666666667	-0.25	0.25	0.125	-0.166666666666667	-0.25	0.25	0	-0.291666666666667	-0.375	0.125
TCGA-E9-A3HO	0	0	0	0	0	0	0	0	0	0	0	0
TCGA-E9-A3Q9	-0.4	-0.48	-0.88	-0.36	-0.36	-0.44	-0.84	-0.32	0	-0.08	-0.48	0.04
TCGA-E9-A3QA	0.166666666666667	0.166666666666667	0	0.166666666666667	0	0	-0.166666666666667	0	0	0	-0.166666666666667	0
TCGA-E9-A3X8	-0.166666666666667	0	-0.166666666666667	-0.5	-0.166666666666667	0	-0.166666666666667	-0.5	0	0.166666666666667	0	-0.333333333333333
TCGA-E9-A54X	-0.68	-0.88	-0.16	-0.52	-0.48	-0.68	0.04	-0.32	0	-0.2	0.52	0.16
TCGA-E9-A54Y	0	0	0	0	0	0	0	0	0	0	0	0
TCGA-E9-A5FL	0.666666666666667	0.208333333333333	0.208333333333333	0.166666666666667	0.666666666666667	0.208333333333333	0.208333333333333	0.166666666666667	0	-0.458333333333333	-0.458333333333333	-0.5
TCGA-E9-A5UO	0.791666666666667	0.291666666666667	0.625	0.791666666666667	0.5	0	0.333333333333333	0.5	0	-0.5	-0.166666666666667	0
TCGA-E9-A5UP	-0.166666666666667	0	-0.166666666666667	0.166666666666667	0	0.166666666666667	0	0.333333333333333	0	0.166666666666667	0	0.333333333333333
TCGA-E9-A6HE	0	0	0	0	0	0	0	0	0	0	0	0
TCGA-EW-A1IW	0.222222222222222	0.166666666666667	-0.111111111111111	-0.555555555555556	0.0555555555555556	0	-0.277777777777778	-0.722222222222222	0	-0.0555555555555556	-0.333333333333333	-0.777777777777778
TCGA-EW-A1J3	-0.166666666666667	-0.166666666666667	-0.166666666666667	-0.666666666666667	0	0	0	-0.5	0	0	0	-0.5
TCGA-EW-A1J5	-0.333333333333333	-0.541666666666667	-0.291666666666667	-0.416666666666667	-0.208333333333333	-0.416666666666667	-0.166666666666667	-0.291666666666667	0	-0.208333333333333	0.0416666666666667	-0.0833333333333333
TCGA-EW-A1J6	0.5	0.375	-0.208333333333333	-0.25	0.791666666666667	0.666666666666667	0.0833333333333333	0.0416666666666667	0	-0.125	-0.708333333333333	-0.75
TCGA-EW-A1OV	-0.4	-0.8	-2	-2.2	-0.8	-1.2	-2.4	-2.6	0	-0.4	-1.6	-1.8
TCGA-EW-A1OY	0	0	0	0.333333333333333	0.166666666666667	0.166666666666667	0.166666666666667	0.5	0	0	0	0.333333333333333
TCGA-EW-A1P0	0.2	-0.2	0	0.1	0.25	-0.15	0.05	0.15	0	-0.4	-0.2	-0.1
TCGA-EW-A1P1	-0.333333333333333	-0.125	0.25	0.416666666666667	-0.208333333333333	0	0.375	0.541666666666667	0	0.208333333333333	0.583333333333333	0.75
TCGA-EW-A1P3	0.0666666666666667	-0.4	-0.333333333333333	-0.533333333333333	0.0666666666666667	-0.4	-0.333333333333333	-0.533333333333333	0	-0.466666666666667	-0.4	-0.6
TCGA-EW-A1P5	0.0416666666666667	-0.0833333333333333	-0.458333333333333	-0.458333333333333	0.333333333333333	0.208333333333333	-0.166666666666667	-0.166666666666667	0	-0.125	-0.5	-0.5
TCGA-EW-A1P6	0.166666666666667	0.5	0.333333333333333	-0.333333333333333	-0.166666666666667	0.166666666666667	0	-0.666666666666667	0	0.333333333333333	0.166666666666667	-0.5
TCGA-EW-A1P8	-0.333333333333333	-0.333333333333333	0.166666666666667	-0.333333333333333	-0.333333333333333	-0.333333333333333	0.166666666666667	-0.333333333333333	0	0	0.5	0
TCGA-EW-A1PA	-0.4	-0.15	-0.3	-0.35	-0.25	0	-0.15	-0.2	0	0.25	0.1	0.05
TCGA-EW-A1PD	0.291666666666667	0	-0.416666666666667	-0.125	0.0833333333333333	-0.208333333333333	-0.625	-0.333333333333333	0	-0.291666666666667	-0.708333333333333	-0.416666666666667
TCGA-EW-A1PG	0	0	0	0	0	0	0	0	0	0	0	0
TCGA-EW-A1PH	-0.333333333333333	0.291666666666667	-0.416666666666667	-0.666666666666667	-0.375	0.25	-0.458333333333333	-0.708333333333333	0	0.625	-0.0833333333333333	-0.333333333333333
TCGA-EW-A2FV	-0.12	-0.04	-0.24	-0.12	-0.12	-0.04	-0.24	-0.12	0	0.08	-0.12	4.43872369415565e-17
TCGA-EW-A3E8	-0.166666666666667	-0.166666666666667	-0.166666666666667	0	0.166666666666667	0.166666666666667	0.166666666666667	0.333333333333333	0	0	0	0.166666666666667
TCGA-GM-A2DA	-0.15	-0.7	-0.95	-0.75	-0.3	-0.85	-1.1	-0.9	0	-0.55	-0.8	-0.6
TCGA-GM-A2DB	-0.2	-0.5	-0.15	0	-0.2	-0.5	-0.15	0	0	-0.3	0.05	0.2
TCGA-GM-A2DC	0	0	0	0	0	0	0	0	0	0	0	0
TCGA-GM-A2DD	0	-0.666666666666667	-1	-1	-0.166666666666667	-0.833333333333333	-1.16666666666667	-1.16666666666667	0	-0.666666666666667	-1	-1
TCGA-GM-A2DH	-0.208333333333333	-0.666666666666667	-0.875	-1.20833333333333	-0.5	-0.958333333333333	-1.16666666666667	-1.5	0	-0.458333333333333	-0.666666666666667	-1
TCGA-GM-A2DK	0	-0.166666666666667	-0.5	-1	0.166666666666667	0	-0.333333333333333	-0.833333333333333	0	-0.166666666666667	-0.5	-1
TCGA-GM-A2DL	0	-0.333333333333333	-0.833333333333333	-0.833333333333333	-0.166666666666667	-0.5	-1	-1	0	-0.333333333333333	-0.833333333333333	-0.833333333333333
TCGA-GM-A2DN	-0.15	0.2	-0.15	-0.5	0.25	0.6	0.25	-0.1	0	0.35	0	-0.35
TCGA-GM-A3NW	0	0.166666666666667	0	-0.166666666666667	0	0.166666666666667	0	-0.166666666666667	0	0.166666666666667	0	-0.166666666666667
TCGA-GM-A3NY	0.416666666666667	-0.625	-0.708333333333333	-0.458333333333333	-0.0416666666666667	-1.08333333333333	-1.16666666666667	-0.916666666666667	0	-1.04166666666667	-1.125	-0.875
TCGA-GM-A3XG	-0.166666666666667	-0.166666666666667	-0.666666666666667	0	-0.166666666666667	-0.166666666666667	-0.666666666666667	0	0	0	-0.5	0.166666666666667
TCGA-GM-A3XN	0	-0.166666666666667	-0.333333333333333	-0.166666666666667	0.166666666666667	0	-0.166666666666667	0	0	-0.166666666666667	-0.333333333333333	-0.166666666666667
TCGA-GM-A4E0	-0.166666666666667	0	-0.5	0	-0.166666666666667	0	-0.5	0	0	0.166666666666667	-0.333333333333333	0.166666666666667
TCGA-GM-A5PV	0	0	0	0	0	0	0	0	0	0	0	0
TCGA-GM-A5PX	-0.208333333333333	0	-0.791666666666667	0.0416666666666667	0	0.208333333333333	-0.583333333333333	0.25	0	0.208333333333333	-0.583333333333333	0.25
TCGA-HN-A2NL	0.0555555555555556	-0.333333333333333	-0.611111111111111	-0.944444444444444	0.0555555555555556	-0.333333333333333	-0.611111111111111	-0.944444444444444	0	-0.388888888888889	-0.666666666666667	-1
TCGA-HN-A2OB	0	0.2	0.2	0.2	0.2	0.4	0.4	0.4	0	0.2	0.2	0.2
TCGA-LD-A66U	0	0	0	0	0	0	0	0	0	0	0	0
TCGA-LD-A74U	0	0.166666666666667	-0.166666666666667	-0.5	-0.166666666666667	0	-0.333333333333333	-0.666666666666667	0	0.166666666666667	-0.166666666666667	-0.5
TCGA-LD-A7W6	0	0	-0.2	-0.4	0	0	-0.2	-0.4	0	0	-0.2	-0.4
TCGA-LL-A440	0	-0.25	-1	-1.75	-0.5	-0.75	-1.5	-2.25	0	-0.25	-1	-1.75
TCGA-LL-A50Y	-0.333333333333333	-0.666666666666667	-1.16666666666667	-1.33333333333333	-0.333333333333333	-0.666666666666667	-1.16666666666667	-1.33333333333333	0	-0.333333333333333	-0.833333333333333	-1
TCGA-LL-A5YL	0	0	-0.333333333333333	-0.333333333333333	0	0	-0.333333333333333	-0.333333333333333	0	0	-0.333333333333333	-0.333333333333333
TCGA-LL-A6FP	0	0	-0.166666666666667	-0.166666666666667	0.166666666666667	0.166666666666667	0	0	0	0	-0.166666666666667	-0.166666666666667
TCGA-LQ-A4E4	0	-0.36	-0.6	-0.08	-0.12	-0.48	-0.72	-0.2	0	-0.36	-0.6	-0.08
TCGA-MS-A51U	0.125	0	-0.25	-0.291666666666667	0.166666666666667	0.0416666666666667	-0.208333333333333	-0.25	0	-0.125	-0.375	-0.416666666666667
TCGA-OL-A5DA	-0.333333333333333	-0.416666666666667	-0.0416666666666667	-0.75	-0.166666666666667	-0.25	0.125	-0.583333333333333	0	-0.0833333333333333	0.291666666666667	-0.416666666666667
TCGA-OL-A66J	0	0	0	0	0	0	0	0	0	0	0	0
TCGA-OL-A66K	0.375	0.208333333333333	0.291666666666667	0.291666666666667	0.208333333333333	0.0416666666666667	0.125	0.125	0	-0.166666666666667	-0.0833333333333333	-0.0833333333333333
TCGA-OL-A66N	0	-0.35	0.05	0.35	0.35	0	0.4	0.7	0	-0.35	0.05	0.35
TCGA-PE-A5DE	0	0	0	0	0	0	0	0	0	0	0	0
