"sample"	"high"	"notna"	"unique"	"promprop"
"MB-0020"	4	6	4	0.666666666666667
"MB-0046"	3	6	6	0.5
"MB-0081"	3	5	6	0.6
"MB-0100"	2	4	6	0.5
"MB-0101"	2	6	6	0.333333333333333
"MB-0110"	3	6	6	0.5
"MB-0113"	1	4	6	0.25
"MB-0114"	4	5	6	0.8
"MB-0117"	3	6	6	0.5
"MB-0120"	4	6	5	0.666666666666667
"MB-0121"	4	6	5	0.666666666666667
"MB-0122"	1	5	5	0.2
"MB-0123"	3	6	6	0.5
"MB-0124"	4	6	6	0.666666666666667
"MB-0125"	3	6	6	0.5
"MB-0126"	3	5	4	0.6
"MB-0128"	2	5	6	0.4
"MB-0130"	0	4	3	0
"MB-0131"	3	5	6	0.6
"MB-0133"	2	5	6	0.4
"MB-0135"	3	6	5	0.5
"MB-0136"	3	6	6	0.5
"MB-0138"	2	4	4	0.5
"MB-0139"	4	6	6	0.666666666666667
"MB-0140"	4	6	5	0.666666666666667
"MB-0142"	2	6	6	0.333333333333333
"MB-0143"	3	5	5	0.6
"MB-0144"	2	5	6	0.4
"MB-0145"	1	5	6	0.2
"MB-0146"	3	6	6	0.5
"MB-0147"	2	6	5	0.333333333333333
"MB-0149"	2	6	3	0.333333333333333
"MB-0150"	4	5	6	0.8
"MB-0151"	3	5	6	0.6
"MB-0152"	3	6	5	0.5
"MB-0153"	3	6	6	0.5
"MB-0154"	3	5	6	0.6
"MB-0155"	3	6	6	0.5
"MB-0156"	3	6	6	0.5
"MB-0157"	3	5	6	0.6
"MB-0158"	3	6	6	0.5
"MB-0159"	3	5	4	0.6
"MB-0160"	4	6	6	0.666666666666667
"MB-0162"	3	6	5	0.5
"MB-0163"	2	4	6	0.5
"MB-0164"	3	6	5	0.5
"MB-0165"	3	6	6	0.5
"MB-0166"	1	4	6	0.25
"MB-0167"	1	4	6	0.25
"MB-0168"	3	5	6	0.6
"MB-0169"	4	6	6	0.666666666666667
"MB-0170"	3	6	6	0.5
"MB-0171"	4	6	6	0.666666666666667
"MB-0172"	3	6	5	0.5
"MB-0173"	3	5	6	0.6
"MB-0174"	3	6	5	0.5
"MB-0175"	3	6	6	0.5
"MB-0176"	3	6	6	0.5
"MB-0177"	4	6	5	0.666666666666667
"MB-0178"	2	2	4	1
"MB-0179"	3	5	5	0.6
"MB-0180"	2	6	6	0.333333333333333
"MB-0181"	4	6	6	0.666666666666667
"MB-0184"	2	6	4	0.333333333333333
"MB-0185"	2	6	3	0.333333333333333
"MB-0188"	3	6	6	0.5
"MB-0189"	3	6	6	0.5
"MB-0191"	3	6	5	0.5
"MB-0192"	1	6	6	0.166666666666667
"MB-0193"	3	6	6	0.5
"MB-0194"	2	6	6	0.333333333333333
"MB-0197"	3	5	6	0.6
"MB-0198"	3	6	6	0.5
"MB-0199"	4	6	5	0.666666666666667
"MB-0200"	4	6	6	0.666666666666667
"MB-0201"	3	6	6	0.5
"MB-0202"	3	5	6	0.6
"MB-0203"	4	6	5	0.666666666666667
"MB-0204"	3	6	6	0.5
"MB-0205"	1	5	6	0.2
"MB-0206"	1	4	6	0.25
"MB-0207"	2	3	6	0.666666666666667
"MB-0209"	3	6	6	0.5
"MB-0210"	4	6	5	0.666666666666667
"MB-0211"	3	5	6	0.6
"MB-0214"	3	5	5	0.6
"MB-0215"	3	6	6	0.5
"MB-0218"	2	3	5	0.666666666666667
"MB-0220"	3	5	6	0.6
"MB-0221"	3	6	5	0.5
"MB-0222"	3	6	6	0.5
"MB-0223"	3	5	6	0.6
"MB-0224"	4	6	5	0.666666666666667
"MB-0225"	3	6	5	0.5
"MB-0226"	4	6	6	0.666666666666667
"MB-0227"	4	6	4	0.666666666666667
"MB-0228"	2	6	3	0.333333333333333
"MB-0229"	3	6	6	0.5
"MB-0230"	3	6	5	0.5
"MB-0232"	3	5	6	0.6
"MB-0233"	2	6	6	0.333333333333333
"MB-0234"	2	5	5	0.4
"MB-0235"	2	5	6	0.4
"MB-0236"	2	6	6	0.333333333333333
"MB-0238"	3	6	6	0.5
"MB-0239"	3	6	6	0.5
"MB-0241"	3	5	6	0.6
"MB-0242"	3	5	6	0.6
"MB-0243"	3	5	6	0.6
"MB-0244"	4	6	6	0.666666666666667
"MB-0245"	4	6	6	0.666666666666667
"MB-0247"	4	6	6	0.666666666666667
"MB-0248"	3	6	6	0.5
"MB-0249"	2	6	6	0.333333333333333
"MB-0253"	2	5	6	0.4
"MB-0257"	1	4	6	0.25
"MB-0258"	3	5	6	0.6
"MB-0259"	2	6	6	0.333333333333333
"MB-0260"	3	4	4	0.75
"MB-0261"	3	5	6	0.6
"MB-0262"	3	6	6	0.5
"MB-0263"	2	6	3	0.333333333333333
"MB-0264"	3	6	6	0.5
"MB-0265"	4	5	5	0.8
"MB-0266"	2	6	6	0.333333333333333
"MB-0268"	4	6	4	0.666666666666667
"MB-0269"	3	6	6	0.5
"MB-0272"	2	5	6	0.4
"MB-0273"	4	6	5	0.666666666666667
"MB-0275"	2	5	6	0.4
"MB-0278"	3	6	6	0.5
"MB-0279"	3	6	5	0.5
"MB-0280"	3	6	6	0.5
"MB-0281"	2	6	5	0.333333333333333
"MB-0283"	3	6	6	0.5
"MB-0284"	2	4	6	0.5
"MB-0285"	2	5	6	0.4
"MB-0286"	4	6	5	0.666666666666667
"MB-0287"	4	6	6	0.666666666666667
"MB-0288"	4	6	6	0.666666666666667
"MB-0289"	1	6	5	0.166666666666667
"MB-0291"	2	5	6	0.4
"MB-0292"	1	6	4	0.166666666666667
"MB-0293"	3	6	6	0.5
"MB-0294"	3	6	6	0.5
"MB-0295"	4	6	4	0.666666666666667
"MB-0299"	3	6	6	0.5
"MB-0301"	2	6	6	0.333333333333333
"MB-0302"	2	5	6	0.4
"MB-0303"	1	3	6	0.333333333333333
"MB-0304"	2	4	6	0.5
"MB-0305"	3	6	6	0.5
"MB-0306"	4	5	5	0.8
"MB-0307"	3	6	6	0.5
"MB-0308"	4	6	6	0.666666666666667
"MB-0309"	3	6	6	0.5
"MB-0310"	3	5	6	0.6
"MB-0311"	3	5	6	0.6
"MB-0312"	3	6	5	0.5
"MB-0313"	3	6	6	0.5
"MB-0314"	3	4	6	0.75
"MB-0315"	4	6	3	0.666666666666667
"MB-0316"	3	6	6	0.5
"MB-0317"	2	6	5	0.333333333333333
"MB-0318"	4	5	6	0.8
"MB-0319"	3	5	6	0.6
"MB-0320"	4	6	6	0.666666666666667
"MB-0321"	4	5	5	0.8
"MB-0322"	2	5	6	0.4
"MB-0324"	3	6	6	0.5
"MB-0325"	4	6	5	0.666666666666667
"MB-0326"	4	5	6	0.8
"MB-0327"	3	6	6	0.5
"MB-0328"	2	4	6	0.5
"MB-0329"	3	6	6	0.5
"MB-0333"	4	6	6	0.666666666666667
"MB-0336"	3	5	6	0.6
"MB-0339"	3	6	6	0.5
"MB-0340"	3	6	5	0.5
"MB-0341"	4	5	6	0.8
"MB-0342"	2	3	6	0.666666666666667
"MB-0343"	3	5	6	0.6
"MB-0344"	3	4	6	0.75
"MB-0345"	3	5	5	0.6
"MB-0346"	2	5	6	0.4
"MB-0347"	2	6	6	0.333333333333333
"MB-0349"	2	5	6	0.4
"MB-0350"	3	6	6	0.5
"MB-0351"	2	6	6	0.333333333333333
"MB-0352"	3	6	6	0.5
"MB-0353"	2	5	6	0.4
"MB-0354"	1	4	6	0.25
"MB-0356"	4	6	6	0.666666666666667
"MB-0358"	3	6	5	0.5
"MB-0359"	3	6	5	0.5
"MB-0360"	2	5	6	0.4
"MB-0361"	2	5	6	0.4
"MB-0362"	2	6	6	0.333333333333333
"MB-0363"	3	6	6	0.5
"MB-0364"	3	6	5	0.5
"MB-0365"	4	6	6	0.666666666666667
"MB-0366"	4	6	6	0.666666666666667
"MB-0367"	3	5	6	0.6
"MB-0368"	4	6	6	0.666666666666667
"MB-0369"	2	6	6	0.333333333333333
"MB-0370"	4	6	6	0.666666666666667
"MB-0371"	2	5	6	0.4
"MB-0372"	4	6	3	0.666666666666667
"MB-0373"	3	5	6	0.6
"MB-0375"	4	6	6	0.666666666666667
"MB-0377"	3	6	6	0.5
"MB-0378"	3	5	6	0.6
"MB-0379"	3	5	6	0.6
"MB-0380"	3	5	6	0.6
"MB-0382"	4	6	6	0.666666666666667
"MB-0383"	2	6	3	0.333333333333333
"MB-0384"	2	5	6	0.4
"MB-0385"	2	5	6	0.4
"MB-0386"	4	6	6	0.666666666666667
"MB-0388"	2	6	6	0.333333333333333
"MB-0389"	4	6	6	0.666666666666667
"MB-0390"	4	6	4	0.666666666666667
"MB-0392"	2	4	6	0.5
"MB-0393"	2	6	5	0.333333333333333
"MB-0394"	3	6	6	0.5
"MB-0395"	4	6	3	0.666666666666667
"MB-0396"	2	6	3	0.333333333333333
"MB-0397"	3	5	6	0.6
"MB-0398"	4	5	6	0.8
"MB-0399"	4	6	3	0.666666666666667
"MB-0400"	2	6	3	0.333333333333333
"MB-0401"	4	4	5	1
"MB-0402"	3	6	6	0.5
"MB-0403"	2	5	6	0.4
"MB-0404"	2	4	6	0.5
"MB-0405"	1	4	5	0.25
"MB-0406"	1	5	6	0.2
"MB-0408"	3	6	6	0.5
"MB-0410"	4	6	5	0.666666666666667
"MB-0412"	2	4	3	0.5
"MB-0413"	2	5	6	0.4
"MB-0414"	3	5	6	0.6
"MB-0417"	4	6	5	0.666666666666667
"MB-0418"	3	6	5	0.5
"MB-0419"	4	6	6	0.666666666666667
"MB-0420"	2	5	5	0.4
"MB-0421"	3	6	6	0.5
"MB-0422"	2	6	3	0.333333333333333
"MB-0423"	4	4	6	1
"MB-0424"	3	6	6	0.5
"MB-0425"	3	6	6	0.5
"MB-0426"	2	4	6	0.5
"MB-0427"	3	5	6	0.6
"MB-0428"	4	6	6	0.666666666666667
"MB-0429"	1	2	6	0.5
"MB-0431"	4	6	6	0.666666666666667
"MB-0432"	3	6	6	0.5
"MB-0434"	2	6	3	0.333333333333333
"MB-0435"	3	5	6	0.6
"MB-0436"	2	6	6	0.333333333333333
"MB-0437"	3	6	6	0.5
"MB-0438"	3	5	6	0.6
"MB-0439"	2	4	6	0.5
"MB-0440"	3	6	6	0.5
"MB-0442"	3	6	6	0.5
"MB-0443"	4	6	6	0.666666666666667
"MB-0444"	3	5	6	0.6
"MB-0445"	4	6	6	0.666666666666667
"MB-0446"	3	6	6	0.5
"MB-0448"	2	4	5	0.5
"MB-0449"	3	6	5	0.5
"MB-0451"	2	5	6	0.4
"MB-0452"	4	6	6	0.666666666666667
"MB-0453"	1	6	5	0.166666666666667
"MB-0454"	3	6	6	0.5
"MB-0455"	1	5	5	0.2
"MB-0458"	3	5	5	0.6
"MB-0459"	2	6	6	0.333333333333333
"MB-0460"	3	5	6	0.6
"MB-0462"	2	5	6	0.4
"MB-0464"	2	5	5	0.4
"MB-0465"	2	3	6	0.666666666666667
"MB-0466"	2	6	5	0.333333333333333
"MB-0467"	2	5	6	0.4
"MB-0468"	3	6	5	0.5
"MB-0470"	3	6	5	0.5
"MB-0471"	1	5	5	0.2
"MB-0472"	3	6	6	0.5
"MB-0475"	2	5	6	0.4
"MB-0476"	3	5	6	0.6
"MB-0478"	3	5	6	0.6
"MB-0479"	3	5	6	0.6
"MB-0480"	4	6	3	0.666666666666667
"MB-0481"	2	6	6	0.333333333333333
"MB-0482"	2	5	6	0.4
"MB-0483"	2	5	6	0.4
"MB-0484"	4	6	6	0.666666666666667
"MB-0485"	4	6	6	0.666666666666667
"MB-0486"	0	6	5	0
"MB-0487"	3	5	6	0.6
"MB-0488"	3	5	6	0.6
"MB-0489"	4	5	5	0.8
"MB-0490"	3	6	6	0.5
"MB-0491"	3	5	6	0.6
"MB-0492"	3	6	5	0.5
"MB-0494"	3	6	6	0.5
"MB-0495"	2	4	6	0.5
"MB-0496"	3	5	5	0.6
"MB-0497"	3	6	6	0.5
"MB-0499"	2	6	6	0.333333333333333
"MB-0501"	3	6	6	0.5
"MB-0502"	4	6	6	0.666666666666667
"MB-0503"	3	5	5	0.6
"MB-0504"	2	5	6	0.4
"MB-0505"	4	6	5	0.666666666666667
"MB-0506"	4	6	6	0.666666666666667
"MB-0507"	2	6	6	0.333333333333333
"MB-0508"	3	6	6	0.5
"MB-0509"	3	6	6	0.5
"MB-0511"	2	4	6	0.5
"MB-0512"	3	6	6	0.5
"MB-0513"	4	6	6	0.666666666666667
"MB-0514"	3	6	6	0.5
"MB-0516"	3	4	6	0.75
"MB-0517"	4	6	6	0.666666666666667
"MB-0519"	4	5	6	0.8
"MB-0521"	2	6	5	0.333333333333333
"MB-0522"	1	5	5	0.2
"MB-0524"	3	6	6	0.5
"MB-0525"	4	6	6	0.666666666666667
"MB-0526"	3	5	5	0.6
"MB-0527"	3	6	6	0.5
"MB-0528"	4	4	3	1
"MB-0529"	4	6	6	0.666666666666667
"MB-0531"	2	5	6	0.4
"MB-0532"	2	6	5	0.333333333333333
"MB-0534"	1	4	6	0.25
"MB-0535"	3	6	5	0.5
"MB-0536"	3	5	5	0.6
"MB-0537"	2	6	6	0.333333333333333
"MB-0538"	2	4	6	0.5
"MB-0539"	2	5	6	0.4
"MB-0540"	4	6	6	0.666666666666667
"MB-0541"	4	6	3	0.666666666666667
"MB-0542"	2	6	6	0.333333333333333
"MB-0543"	4	6	5	0.666666666666667
"MB-0544"	2	5	6	0.4
"MB-0545"	3	6	6	0.5
"MB-0546"	4	5	6	0.8
"MB-0547"	3	6	5	0.5
"MB-0549"	3	6	6	0.5
"MB-0550"	2	5	6	0.4
"MB-0551"	4	6	3	0.666666666666667
"MB-0552"	4	6	6	0.666666666666667
"MB-0553"	3	6	6	0.5
"MB-0554"	3	6	6	0.5
"MB-0558"	4	6	5	0.666666666666667
"MB-0564"	5	6	5	0.833333333333333
"MB-0568"	4	6	6	0.666666666666667
"MB-0569"	2	5	4	0.4
"MB-0570"	4	6	5	0.666666666666667
"MB-0571"	4	5	6	0.8
"MB-0573"	4	6	6	0.666666666666667
"MB-0574"	2	6	6	0.333333333333333
"MB-0575"	3	6	6	0.5
"MB-0576"	3	5	6	0.6
"MB-0577"	3	5	6	0.6
"MB-0578"	2	5	5	0.4
"MB-0579"	4	5	5	0.8
"MB-0580"	3	6	6	0.5
"MB-0581"	3	6	6	0.5
"MB-0582"	3	6	6	0.5
"MB-0583"	3	6	6	0.5
"MB-0584"	2	5	6	0.4
"MB-0585"	3	5	6	0.6
"MB-0586"	3	6	6	0.5
"MB-0587"	4	6	4	0.666666666666667
"MB-0588"	4	4	3	1
"MB-0589"	4	6	6	0.666666666666667
"MB-0590"	3	6	6	0.5
"MB-0591"	4	6	3	0.666666666666667
"MB-0592"	2	5	6	0.4
"MB-0593"	3	6	6	0.5
"MB-0594"	3	6	5	0.5
"MB-0596"	1	4	6	0.25
"MB-0597"	3	5	6	0.6
"MB-0598"	2	4	6	0.5
"MB-0599"	3	5	6	0.6
"MB-0600"	2	4	6	0.5
"MB-0601"	2	6	5	0.333333333333333
"MB-0603"	3	6	6	0.5
"MB-0605"	3	6	6	0.5
"MB-0606"	4	6	4	0.666666666666667
"MB-0607"	4	6	5	0.666666666666667
"MB-0608"	2	5	6	0.4
"MB-0609"	3	6	6	0.5
"MB-0610"	4	6	4	0.666666666666667
"MB-0611"	3	5	6	0.6
"MB-0613"	2	5	6	0.4
"MB-0614"	3	6	6	0.5
"MB-0615"	2	6	6	0.333333333333333
"MB-0616"	2	6	6	0.333333333333333
"MB-0617"	2	6	6	0.333333333333333
"MB-0618"	3	6	6	0.5
"MB-0619"	4	6	6	0.666666666666667
"MB-0620"	3	6	5	0.5
"MB-0621"	4	6	6	0.666666666666667
"MB-0623"	4	6	4	0.666666666666667
"MB-0624"	3	6	5	0.5
"MB-0626"	4	6	3	0.666666666666667
"MB-0627"	4	6	6	0.666666666666667
"MB-0628"	2	4	6	0.5
"MB-0630"	2	6	5	0.333333333333333
"MB-0631"	3	6	5	0.5
"MB-0632"	2	5	6	0.4
"MB-0634"	2	6	6	0.333333333333333
"MB-0635"	1	3	6	0.333333333333333
"MB-0636"	2	5	6	0.4
"MB-0637"	3	6	6	0.5
"MB-0638"	4	6	5	0.666666666666667
"MB-0639"	2	5	6	0.4
"MB-0640"	2	6	5	0.333333333333333
"MB-0641"	2	6	6	0.333333333333333
"MB-0642"	2	6	6	0.333333333333333
"MB-0643"	4	6	6	0.666666666666667
"MB-0644"	3	6	6	0.5
"MB-0646"	2	6	6	0.333333333333333
"MB-0649"	2	5	6	0.4
"MB-0652"	4	6	6	0.666666666666667
"MB-0653"	5	5	6	1
"MB-0654"	3	6	5	0.5
"MB-0656"	3	6	5	0.5
"MB-0657"	3	5	6	0.6
"MB-0658"	3	6	6	0.5
"MB-0659"	2	5	5	0.4
"MB-0660"	4	6	6	0.666666666666667
"MB-0661"	3	5	5	0.6
"MB-0662"	4	6	6	0.666666666666667
"MB-0664"	4	6	3	0.666666666666667
"MB-0666"	3	5	6	0.6
"MB-0667"	2	6	5	0.333333333333333
"MB-0869"	2	6	6	0.333333333333333
"MB-0872"	3	5	6	0.6
"MB-0874"	4	6	6	0.666666666666667
"MB-0876"	4	6	5	0.666666666666667
"MB-0877"	4	6	6	0.666666666666667
"MB-0880"	3	6	6	0.5
"MB-0882"	3	6	6	0.5
"MB-0884"	4	6	5	0.666666666666667
"MB-0885"	3	6	6	0.5
"MB-0891"	4	6	3	0.666666666666667
"MB-0893"	3	6	5	0.5
"MB-0895"	1	4	6	0.25
"MB-0899"	2	6	6	0.333333333333333
"MB-0901"	2	5	6	0.4
"MB-0904"	3	6	6	0.5
"MB-0906"	3	6	6	0.5
"MB-0907"	5	6	6	0.833333333333333
"MB-2513"	3	6	6	0.5
"MB-2517"	2	5	4	0.4
"MB-2536"	3	6	6	0.5
"MB-2556"	3	6	6	0.5
"MB-2610"	3	6	6	0.5
"MB-2613"	3	5	6	0.6
"MB-2614"	2	5	6	0.4
"MB-2616"	1	4	6	0.25
"MB-2617"	3	5	6	0.6
"MB-2624"	3	6	6	0.5
"MB-2626"	3	6	6	0.5
"MB-2629"	3	6	5	0.5
"MB-2632"	3	6	6	0.5
"MB-2634"	4	6	6	0.666666666666667
"MB-2642"	2	4	6	0.5
"MB-2643"	4	6	6	0.666666666666667
"MB-2645"	2	5	6	0.4
"MB-2669"	3	5	6	0.6
"MB-2686"	3	6	6	0.5
"MB-2705"	3	6	6	0.5
"MB-2708"	3	6	6	0.5
"MB-2711"	2	6	5	0.333333333333333
"MB-2712"	4	6	6	0.666666666666667
"MB-2718"	3	6	6	0.5
"MB-2721"	2	5	6	0.4
"MB-2724"	3	6	6	0.5
"MB-2725"	2	6	6	0.333333333333333
"MB-2728"	4	6	5	0.666666666666667
"MB-2730"	2	6	6	0.333333333333333
"MB-2742"	3	6	5	0.5
"MB-2744"	5	6	6	0.833333333333333
"MB-2745"	2	6	5	0.333333333333333
"MB-2747"	3	6	5	0.5
"MB-2749"	2	6	3	0.333333333333333
"MB-2750"	2	5	6	0.4
"MB-2752"	3	5	6	0.6
"MB-2753"	2	5	6	0.4
"MB-2754"	2	3	6	0.666666666666667
"MB-2758"	2	6	6	0.333333333333333
"MB-2760"	4	6	5	0.666666666666667
"MB-2763"	3	6	6	0.5
"MB-2764"	2	6	6	0.333333333333333
"MB-2765"	3	6	4	0.5
"MB-2767"	2	6	6	0.333333333333333
"MB-2769"	3	5	6	0.6
"MB-2771"	4	6	4	0.666666666666667
"MB-2772"	4	6	6	0.666666666666667
"MB-2774"	2	5	6	0.4
"MB-2778"	4	5	6	0.8
"MB-2779"	2	5	5	0.4
"MB-2781"	3	6	6	0.5
"MB-2786"	3	6	5	0.5
"MB-2790"	4	6	3	0.666666666666667
"MB-2791"	4	6	5	0.666666666666667
"MB-2792"	1	6	4	0.166666666666667
"MB-2793"	2	5	6	0.4
"MB-2795"	4	6	6	0.666666666666667
"MB-2796"	4	6	3	0.666666666666667
"MB-2797"	3	5	6	0.6
"MB-2801"	0	4	3	0
"MB-2803"	4	6	6	0.666666666666667
"MB-2814"	4	6	4	0.666666666666667
"MB-2815"	3	5	6	0.6
"MB-2819"	3	6	6	0.5
"MB-2821"	4	6	6	0.666666666666667
"MB-2823"	4	6	5	0.666666666666667
"MB-2827"	3	6	6	0.5
"MB-2833"	1	5	6	0.2
"MB-2834"	2	4	6	0.5
"MB-2835"	3	5	6	0.6
"MB-2838"	3	6	6	0.5
"MB-2840"	2	6	6	0.333333333333333
"MB-2842"	4	6	4	0.666666666666667
"MB-2843"	3	6	6	0.5
"MB-2845"	4	5	6	0.8
"MB-2846"	3	6	6	0.5
"MB-2847"	2	5	5	0.4
"MB-2848"	3	6	6	0.5
"MB-2849"	2	5	6	0.4
"MB-2850"	3	6	6	0.5
"MB-2851"	2	5	6	0.4
"MB-2854"	3	5	6	0.6
"MB-2857"	4	6	6	0.666666666666667
"MB-2858"	4	6	6	0.666666666666667
"MB-2863"	2	5	6	0.4
"MB-2867"	2	6	6	0.333333333333333
"MB-2895"	4	6	6	0.666666666666667
"MB-2896"	4	6	6	0.666666666666667
"MB-2900"	3	4	6	0.75
"MB-2901"	4	5	6	0.8
"MB-2904"	3	6	6	0.5
"MB-2912"	3	5	6	0.6
"MB-2916"	3	6	6	0.5
"MB-2917"	1	5	5	0.2
"MB-2919"	2	5	6	0.4
"MB-2922"	2	6	4	0.333333333333333
"MB-2927"	2	5	6	0.4
"MB-2929"	1	5	6	0.2
"MB-2931"	4	6	4	0.666666666666667
"MB-2932"	4	6	4	0.666666666666667
"MB-2933"	3	5	6	0.6
"MB-2939"	1	5	6	0.2
"MB-2944"	1	6	4	0.166666666666667
"MB-2947"	3	6	6	0.5
"MB-2951"	3	4	6	0.75
"MB-2952"	4	6	3	0.666666666666667
"MB-2953"	2	4	6	0.5
"MB-2954"	4	6	5	0.666666666666667
"MB-2957"	3	5	6	0.6
"MB-2960"	2	5	6	0.4
"MB-2963"	2	6	3	0.333333333333333
"MB-2964"	4	6	6	0.666666666666667
"MB-2966"	3	6	6	0.5
"MB-2969"	2	5	6	0.4
"MB-2970"	4	6	6	0.666666666666667
"MB-2971"	2	5	6	0.4
"MB-2977"	2	5	6	0.4
"MB-2983"	3	6	6	0.5
"MB-2984"	2	5	6	0.4
"MB-2990"	4	6	6	0.666666666666667
"MB-2993"	3	6	6	0.5
"MB-2994"	5	6	5	0.833333333333333
"MB-2996"	4	6	6	0.666666666666667
"MB-2999"	3	6	6	0.5
"MB-3001"	4	6	6	0.666666666666667
"MB-3002"	2	6	4	0.333333333333333
"MB-3005"	4	6	6	0.666666666666667
"MB-3006"	4	6	6	0.666666666666667
"MB-3007"	0	5	6	0
"MB-3008"	5	6	5	0.833333333333333
"MB-3013"	2	5	6	0.4
"MB-3014"	3	5	6	0.6
"MB-3016"	3	5	6	0.6
"MB-3021"	2	5	5	0.4
"MB-3025"	2	4	3	0.5
"MB-3026"	3	6	6	0.5
"MB-3028"	5	6	6	0.833333333333333
"MB-3032"	3	6	6	0.5
"MB-3033"	4	6	6	0.666666666666667
"MB-3035"	3	5	6	0.6
"MB-3037"	2	5	6	0.4
"MB-3046"	4	6	3	0.666666666666667
"MB-3049"	4	6	6	0.666666666666667
"MB-3050"	3	6	6	0.5
"MB-3057"	2	5	6	0.4
"MB-3058"	2	6	6	0.333333333333333
"MB-3060"	3	5	5	0.6
"MB-3062"	3	5	5	0.6
"MB-3063"	4	6	6	0.666666666666667
"MB-3064"	2	6	6	0.333333333333333
"MB-3067"	3	6	6	0.5
"MB-3079"	4	6	6	0.666666666666667
"MB-3083"	3	6	6	0.5
"MB-3085"	1	5	6	0.2
"MB-3088"	3	6	5	0.5
"MB-3092"	2	6	6	0.333333333333333
"MB-3102"	2	6	3	0.333333333333333
"MB-3103"	4	6	4	0.666666666666667
"MB-3104"	3	6	6	0.5
"MB-3105"	4	6	5	0.666666666666667
"MB-3110"	2	5	6	0.4
"MB-3121"	2	3	6	0.666666666666667
"MB-3122"	2	5	5	0.4
"MB-3123"	3	5	5	0.6
"MB-3153"	3	5	6	0.6
"MB-3165"	3	5	6	0.6
"MB-3167"	1	3	6	0.333333333333333
"MB-3171"	3	6	6	0.5
"MB-3181"	4	6	6	0.666666666666667
"MB-3211"	2	6	5	0.333333333333333
"MB-3218"	4	6	6	0.666666666666667
"MB-3222"	4	6	6	0.666666666666667
"MB-3228"	3	6	6	0.5
"MB-3235"	3	6	6	0.5
"MB-3252"	3	5	6	0.6
"MB-3254"	3	6	6	0.5
"MB-3266"	4	6	6	0.666666666666667
"MB-3271"	3	5	6	0.6
"MB-3272"	1	6	5	0.166666666666667
"MB-3275"	3	5	6	0.6
"MB-3277"	4	6	4	0.666666666666667
"MB-3292"	3	6	6	0.5
"MB-3295"	4	5	6	0.8
"MB-3298"	3	6	6	0.5
"MB-3300"	3	6	6	0.5
"MB-3301"	3	5	6	0.6
"MB-3303"	2	5	6	0.4
"MB-3328"	2	5	6	0.4
"MB-3329"	2	5	6	0.4
"MB-3341"	3	5	6	0.6
"MB-3344"	1	5	6	0.2
"MB-3350"	4	6	6	0.666666666666667
"MB-3351"	0	6	3	0
"MB-3357"	3	6	5	0.5
"MB-3360"	3	6	6	0.5
"MB-3361"	4	6	5	0.666666666666667
"MB-3363"	3	6	6	0.5
"MB-3365"	3	6	6	0.5
"MB-3367"	1	3	6	0.333333333333333
"MB-3371"	4	6	3	0.666666666666667
"MB-3378"	4	6	6	0.666666666666667
"MB-3379"	3	5	6	0.6
"MB-3381"	2	6	5	0.333333333333333
"MB-3382"	4	6	3	0.666666666666667
"MB-3383"	2	5	5	0.4
"MB-3386"	2	5	5	0.4
"MB-3388"	2	6	6	0.333333333333333
"MB-3389"	4	6	4	0.666666666666667
"MB-3395"	4	6	6	0.666666666666667
"MB-3396"	3	5	6	0.6
"MB-3403"	1	3	6	0.333333333333333
"MB-3412"	2	4	6	0.5
"MB-3417"	4	6	5	0.666666666666667
"MB-3429"	2	6	5	0.333333333333333
"MB-3430"	4	6	6	0.666666666666667
"MB-3436"	4	6	6	0.666666666666667
"MB-3437"	4	6	6	0.666666666666667
"MB-3439"	4	5	6	0.8
"MB-3450"	3	6	6	0.5
"MB-3452"	2	6	6	0.333333333333333
"MB-3459"	2	4	6	0.5
"MB-3462"	2	6	6	0.333333333333333
"MB-3467"	2	6	6	0.333333333333333
"MB-3470"	3	5	6	0.6
"MB-3476"	3	5	6	0.6
"MB-3479"	4	6	6	0.666666666666667
"MB-3487"	4	6	6	0.666666666666667
"MB-3488"	3	6	5	0.5
"MB-3490"	1	3	6	0.333333333333333
"MB-3492"	2	5	5	0.4
"MB-3497"	4	6	4	0.666666666666667
"MB-3500"	2	5	6	0.4
"MB-3502"	2	4	6	0.5
"MB-3506"	3	5	5	0.6
"MB-3510"	1	6	5	0.166666666666667
"MB-3525"	5	5	4	1
"MB-3526"	4	6	6	0.666666666666667
"MB-3528"	4	6	6	0.666666666666667
"MB-3530"	2	5	6	0.4
"MB-3536"	2	6	6	0.333333333333333
"MB-3545"	4	6	6	0.666666666666667
"MB-3547"	3	6	6	0.5
"MB-3548"	4	6	3	0.666666666666667
"MB-3556"	4	6	5	0.666666666666667
"MB-3567"	3	6	6	0.5
"MB-3576"	3	5	6	0.6
"MB-3582"	3	6	5	0.5
"MB-3600"	3	6	6	0.5
"MB-3606"	2	6	3	0.333333333333333
"MB-3614"	3	6	6	0.5
"MB-3702"	3	6	6	0.5
"MB-3706"	2	6	3	0.333333333333333
"MB-3707"	4	6	4	0.666666666666667
"MB-3711"	2	5	4	0.4
"MB-3748"	2	5	6	0.4
"MB-3752"	3	6	6	0.5
"MB-3754"	3	6	6	0.5
"MB-3781"	2	6	6	0.333333333333333
"MB-3797"	3	6	6	0.5
"MB-3823"	4	5	6	0.8
"MB-3824"	3	6	6	0.5
"MB-3838"	3	6	6	0.5
"MB-3840"	2	6	6	0.333333333333333
"MB-3842"	3	5	6	0.6
"MB-3850"	2	6	5	0.333333333333333
"MB-3852"	3	5	6	0.6
"MB-3854"	2	6	5	0.333333333333333
"MB-3865"	3	5	6	0.6
"MB-3866"	5	6	5	0.833333333333333
"MB-3871"	4	5	6	0.8
"MB-3874"	2	6	3	0.333333333333333
"MB-3978"	2	5	5	0.4
"MB-4000"	3	6	6	0.5
"MB-4001"	1	2	6	0.5
"MB-4003"	4	6	5	0.666666666666667
"MB-4004"	4	6	6	0.666666666666667
"MB-4005"	4	5	6	0.8
"MB-4008"	3	6	6	0.5
"MB-4010"	4	6	3	0.666666666666667
"MB-4012"	4	6	6	0.666666666666667
"MB-4015"	3	6	6	0.5
"MB-4017"	3	6	6	0.5
"MB-4018"	3	5	5	0.6
"MB-4024"	4	6	6	0.666666666666667
"MB-4033"	3	6	6	0.5
"MB-4046"	2	5	5	0.4
"MB-4059"	3	6	5	0.5
"MB-4079"	4	5	6	0.8
"MB-4091"	2	5	5	0.4
"MB-4098"	2	5	6	0.4
"MB-4119"	1	5	6	0.2
"MB-4120"	3	5	6	0.6
"MB-4126"	2	6	6	0.333333333333333
"MB-4127"	4	6	4	0.666666666666667
"MB-4139"	3	5	6	0.6
"MB-4140"	3	6	6	0.5
"MB-4141"	3	4	6	0.75
"MB-4145"	4	6	5	0.666666666666667
"MB-4146"	3	5	6	0.6
"MB-4154"	4	5	6	0.8
"MB-4171"	2	5	6	0.4
"MB-4173"	3	6	5	0.5
"MB-4189"	4	6	5	0.666666666666667
"MB-4212"	3	5	6	0.6
"MB-4213"	4	6	6	0.666666666666667
"MB-4222"	3	5	6	0.6
"MB-4224"	3	6	6	0.5
"MB-4230"	1	4	6	0.25
"MB-4233"	3	5	6	0.6
"MB-4234"	2	6	3	0.333333333333333
"MB-4235"	3	6	6	0.5
"MB-4236"	4	6	6	0.666666666666667
"MB-4250"	2	6	4	0.333333333333333
"MB-4254"	5	6	6	0.833333333333333
"MB-4264"	2	5	6	0.4
"MB-4266"	3	5	6	0.6
"MB-4270"	3	5	6	0.6
"MB-4274"	4	6	3	0.666666666666667
"MB-4276"	3	6	5	0.5
"MB-4278"	4	6	6	0.666666666666667
"MB-4281"	3	6	6	0.5
"MB-4282"	4	6	5	0.666666666666667
"MB-4283"	4	6	6	0.666666666666667
"MB-4289"	4	6	5	0.666666666666667
"MB-4292"	3	6	6	0.5
"MB-4293"	4	6	6	0.666666666666667
"MB-4298"	2	6	6	0.333333333333333
"MB-4300"	4	6	6	0.666666666666667
"MB-4303"	3	6	6	0.5
"MB-4306"	4	6	6	0.666666666666667
"MB-4310"	3	6	6	0.5
"MB-4313"	1	3	6	0.333333333333333
"MB-4317"	2	5	6	0.4
"MB-4322"	2	6	6	0.333333333333333
"MB-4323"	3	5	6	0.6
"MB-4324"	2	5	5	0.4
"MB-4328"	5	5	4	1
"MB-4329"	2	5	6	0.4
"MB-4331"	4	6	4	0.666666666666667
"MB-4332"	3	6	5	0.5
"MB-4333"	2	5	6	0.4
"MB-4341"	4	6	5	0.666666666666667
"MB-4342"	1	5	6	0.2
"MB-4343"	3	5	6	0.6
"MB-4348"	2	5	6	0.4
"MB-4350"	3	5	6	0.6
"MB-4351"	4	6	5	0.666666666666667
"MB-4353"	4	6	6	0.666666666666667
"MB-4354"	3	5	6	0.6
"MB-4357"	3	6	6	0.5
"MB-4360"	3	6	6	0.5
"MB-4362"	3	4	6	0.75
"MB-4368"	3	5	6	0.6
"MB-4374"	4	6	6	0.666666666666667
"MB-4375"	2	6	6	0.333333333333333
"MB-4390"	4	6	4	0.666666666666667
"MB-4395"	3	6	5	0.5
"MB-4407"	3	5	6	0.6
"MB-4408"	2	6	3	0.333333333333333
"MB-4416"	1	2	6	0.5
"MB-4417"	2	4	6	0.5
"MB-4418"	0	6	3	0
"MB-4421"	2	5	6	0.4
"MB-4426"	4	6	6	0.666666666666667
"MB-4434"	3	5	5	0.6
"MB-4442"	3	5	6	0.6
"MB-4484"	2	5	6	0.4
"MB-4529"	2	6	6	0.333333333333333
"MB-4548"	4	6	4	0.666666666666667
"MB-4557"	2	6	6	0.333333333333333
"MB-4564"	2	6	6	0.333333333333333
"MB-4578"	4	6	4	0.666666666666667
"MB-4591"	4	6	6	0.666666666666667
"MB-4593"	3	6	6	0.5
"MB-4598"	1	3	6	0.333333333333333
"MB-4599"	3	6	6	0.5
"MB-4601"	3	6	6	0.5
"MB-4602"	4	5	6	0.8
"MB-4603"	4	6	5	0.666666666666667
"MB-4607"	4	6	6	0.666666666666667
"MB-4616"	2	6	5	0.333333333333333
"MB-4618"	1	6	6	0.166666666666667
"MB-4621"	4	6	6	0.666666666666667
"MB-4622"	1	4	6	0.25
"MB-4623"	4	6	4	0.666666666666667
"MB-4626"	2	5	6	0.4
"MB-4627"	2	5	6	0.4
"MB-4630"	2	6	6	0.333333333333333
"MB-4633"	3	5	6	0.6
"MB-4634"	4	6	4	0.666666666666667
"MB-4639"	3	6	6	0.5
"MB-4640"	3	5	5	0.6
"MB-4641"	4	6	6	0.666666666666667
"MB-4643"	3	5	6	0.6
"MB-4644"	2	6	6	0.333333333333333
"MB-4648"	4	6	6	0.666666666666667
"MB-4649"	2	5	6	0.4
"MB-4651"	3	6	6	0.5
"MB-4653"	4	6	4	0.666666666666667
"MB-4654"	2	5	6	0.4
"MB-4655"	3	6	6	0.5
"MB-4660"	2	6	3	0.333333333333333
"MB-4661"	3	6	6	0.5
"MB-4663"	4	6	5	0.666666666666667
"MB-4665"	4	6	5	0.666666666666667
"MB-4666"	4	6	5	0.666666666666667
"MB-4667"	4	6	6	0.666666666666667
"MB-4669"	2	6	6	0.333333333333333
"MB-4670"	2	6	5	0.333333333333333
"MB-4671"	4	6	6	0.666666666666667
"MB-4672"	2	6	6	0.333333333333333
"MB-4673"	4	6	6	0.666666666666667
"MB-4674"	3	6	6	0.5
"MB-4675"	3	5	6	0.6
"MB-4679"	4	6	6	0.666666666666667
"MB-4682"	3	6	5	0.5
"MB-4685"	3	6	6	0.5
"MB-4686"	3	5	5	0.6
"MB-4688"	4	6	6	0.666666666666667
"MB-4694"	2	5	6	0.4
"MB-4695"	4	6	6	0.666666666666667
"MB-4696"	2	6	6	0.333333333333333
"MB-4697"	4	6	6	0.666666666666667
"MB-4698"	2	5	6	0.4
"MB-4701"	2	6	6	0.333333333333333
"MB-4702"	3	5	5	0.6
"MB-4704"	2	6	6	0.333333333333333
"MB-4705"	3	5	6	0.6
"MB-4706"	4	6	6	0.666666666666667
"MB-4707"	1	3	4	0.333333333333333
"MB-4708"	3	6	6	0.5
"MB-4709"	3	6	6	0.5
"MB-4710"	4	6	5	0.666666666666667
"MB-4711"	3	6	6	0.5
"MB-4712"	3	5	6	0.6
"MB-4714"	2	5	6	0.4
"MB-4715"	2	6	6	0.333333333333333
"MB-4716"	2	6	5	0.333333333333333
"MB-4717"	5	6	5	0.833333333333333
"MB-4718"	2	4	6	0.5
"MB-4721"	5	6	6	0.833333333333333
"MB-4722"	5	6	6	0.833333333333333
"MB-4723"	3	6	5	0.5
"MB-4724"	4	5	6	0.8
"MB-4725"	3	6	6	0.5
"MB-4729"	3	5	5	0.6
"MB-4730"	1	5	5	0.2
"MB-4731"	1	6	6	0.166666666666667
"MB-4732"	4	6	6	0.666666666666667
"MB-4733"	3	6	5	0.5
"MB-4735"	2	6	3	0.333333333333333
"MB-4737"	4	6	6	0.666666666666667
"MB-4738"	4	6	4	0.666666666666667
"MB-4739"	4	6	6	0.666666666666667
"MB-4741"	1	4	6	0.25
"MB-4742"	3	5	6	0.6
"MB-4744"	3	6	6	0.5
"MB-4746"	2	5	6	0.4
"MB-4749"	3	6	6	0.5
"MB-4750"	3	5	6	0.6
"MB-4752"	2	6	6	0.333333333333333
"MB-4757"	2	3	6	0.666666666666667
"MB-4758"	0	6	3	0
"MB-4760"	3	6	6	0.5
"MB-4762"	2	5	6	0.4
"MB-4763"	3	6	6	0.5
"MB-4764"	3	5	6	0.6
"MB-4767"	3	6	6	0.5
"MB-4769"	2	6	6	0.333333333333333
"MB-4770"	2	6	4	0.333333333333333
"MB-4779"	3	6	6	0.5
"MB-4782"	4	6	6	0.666666666666667
"MB-4784"	3	6	6	0.5
"MB-4787"	3	5	6	0.6
"MB-4790"	4	6	5	0.666666666666667
"MB-4791"	4	6	6	0.666666666666667
"MB-4792"	4	6	6	0.666666666666667
"MB-4793"	3	5	6	0.6
"MB-4794"	2	4	6	0.5
"MB-4796"	3	6	6	0.5
"MB-4797"	2	3	6	0.666666666666667
"MB-4798"	2	6	6	0.333333333333333
"MB-4800"	3	5	5	0.6
"MB-4801"	3	5	6	0.6
"MB-4805"	4	6	3	0.666666666666667
"MB-4806"	2	5	6	0.4
"MB-4809"	3	6	6	0.5
"MB-4814"	2	5	6	0.4
"MB-4818"	3	6	5	0.5
"MB-4820"	3	6	6	0.5
"MB-4822"	2	6	6	0.333333333333333
"MB-4823"	3	6	6	0.5
"MB-4825"	1	5	5	0.2
"MB-4827"	4	6	6	0.666666666666667
"MB-4828"	1	4	6	0.25
"MB-4829"	2	5	6	0.4
"MB-4832"	3	5	5	0.6
"MB-4836"	5	6	6	0.833333333333333
"MB-4838"	3	6	6	0.5
"MB-4839"	4	6	4	0.666666666666667
"MB-4845"	4	6	6	0.666666666666667
"MB-4846"	1	4	6	0.25
"MB-4849"	2	6	3	0.333333333333333
"MB-4851"	3	6	6	0.5
"MB-4853"	2	6	6	0.333333333333333
"MB-4855"	3	6	6	0.5
"MB-4858"	3	6	6	0.5
"MB-4859"	2	6	6	0.333333333333333
"MB-4860"	4	6	5	0.666666666666667
"MB-4862"	3	6	6	0.5
"MB-4865"	2	4	3	0.5
"MB-4866"	4	6	6	0.666666666666667
"MB-4867"	2	4	6	0.5
"MB-4869"	3	6	4	0.5
"MB-4870"	3	5	5	0.6
"MB-4871"	4	6	6	0.666666666666667
"MB-4872"	3	6	6	0.5
"MB-4873"	2	5	6	0.4
"MB-4876"	2	5	6	0.4
"MB-4878"	4	6	6	0.666666666666667
"MB-4879"	3	6	6	0.5
"MB-4880"	4	6	3	0.666666666666667
"MB-4882"	2	6	6	0.333333333333333
"MB-4883"	2	5	6	0.4
"MB-4893"	4	6	6	0.666666666666667
"MB-4894"	1	4	6	0.25
"MB-4896"	3	6	5	0.5
"MB-4897"	4	4	6	1
"MB-4898"	4	6	5	0.666666666666667
"MB-4900"	3	6	6	0.5
"MB-4904"	3	6	6	0.5
"MB-4906"	2	6	3	0.333333333333333
"MB-4908"	3	4	6	0.75
"MB-4911"	2	6	5	0.333333333333333
"MB-4912"	5	6	5	0.833333333333333
"MB-4925"	4	6	6	0.666666666666667
"MB-4929"	2	6	6	0.333333333333333
"MB-4930"	4	5	6	0.8
"MB-4931"	2	5	6	0.4
"MB-4933"	3	6	6	0.5
"MB-4935"	1	6	6	0.166666666666667
"MB-4937"	3	6	4	0.5
"MB-4941"	4	6	5	0.666666666666667
"MB-4942"	2	6	6	0.333333333333333
"MB-4944"	2	6	3	0.333333333333333
"MB-4945"	3	6	6	0.5
"MB-4949"	3	6	6	0.5
"MB-4950"	2	5	6	0.4
"MB-4952"	3	6	5	0.5
"MB-4956"	3	6	6	0.5
"MB-4957"	2	5	6	0.4
"MB-4959"	3	6	5	0.5
"MB-4961"	2	4	6	0.5
"MB-4962"	3	6	6	0.5
"MB-4966"	3	6	5	0.5
"MB-4967"	3	6	6	0.5
"MB-4968"	2	3	6	0.666666666666667
"MB-4969"	2	6	6	0.333333333333333
"MB-4970"	2	6	6	0.333333333333333
"MB-4974"	2	6	3	0.333333333333333
"MB-4976"	5	6	6	0.833333333333333
"MB-4977"	4	6	6	0.666666666666667
"MB-4978"	1	5	5	0.2
"MB-4981"	3	5	6	0.6
"MB-4982"	3	4	6	0.75
"MB-4986"	3	6	6	0.5
"MB-4987"	2	5	6	0.4
"MB-4991"	4	6	5	0.666666666666667
"MB-4992"	3	5	6	0.6
"MB-4994"	3	6	6	0.5
"MB-4998"	3	6	6	0.5
"MB-4999"	3	6	6	0.5
"MB-5001"	2	5	6	0.4
"MB-5004"	2	5	6	0.4
"MB-5008"	0	6	3	0
"MB-5011"	4	5	5	0.8
"MB-5013"	3	6	5	0.5
"MB-5014"	4	6	6	0.666666666666667
"MB-5015"	3	5	6	0.6
"MB-5018"	2	5	6	0.4
"MB-5019"	2	6	6	0.333333333333333
"MB-5020"	3	5	6	0.6
"MB-5022"	2	6	5	0.333333333333333
"MB-5027"	1	5	6	0.2
"MB-5033"	4	6	6	0.666666666666667
"MB-5035"	3	5	6	0.6
"MB-5039"	4	6	6	0.666666666666667
"MB-5040"	2	6	6	0.333333333333333
"MB-5041"	4	6	5	0.666666666666667
"MB-5043"	2	5	5	0.4
"MB-5044"	4	6	6	0.666666666666667
"MB-5048"	1	5	6	0.2
"MB-5049"	4	6	6	0.666666666666667
"MB-5050"	5	6	6	0.833333333333333
"MB-5052"	4	6	5	0.666666666666667
"MB-5053"	4	6	6	0.666666666666667
"MB-5054"	1	5	6	0.2
"MB-5059"	2	4	5	0.5
"MB-5060"	3	6	5	0.5
"MB-5061"	3	6	6	0.5
"MB-5062"	2	6	6	0.333333333333333
"MB-5063"	3	5	5	0.6
"MB-5065"	3	6	6	0.5
"MB-5066"	4	6	6	0.666666666666667
"MB-5068"	2	5	6	0.4
"MB-5070"	3	3	6	1
"MB-5072"	5	6	6	0.833333333333333
"MB-5074"	3	6	6	0.5
"MB-5078"	3	5	6	0.6
"MB-5079"	3	6	6	0.5
"MB-5084"	2	6	6	0.333333333333333
"MB-5086"	5	6	6	0.833333333333333
"MB-5088"	3	6	6	0.5
"MB-5092"	2	5	6	0.4
"MB-5097"	2	6	6	0.333333333333333
"MB-5098"	3	6	4	0.5
"MB-5100"	0	4	4	0
"MB-5101"	1	4	6	0.25
"MB-5102"	5	6	5	0.833333333333333
"MB-5105"	2	3	6	0.666666666666667
"MB-5107"	2	5	5	0.4
"MB-5114"	0	5	6	0
"MB-5115"	2	6	4	0.333333333333333
"MB-5116"	1	5	6	0.2
"MB-5118"	4	6	6	0.666666666666667
"MB-5120"	3	6	6	0.5
"MB-5121"	4	6	6	0.666666666666667
"MB-5122"	3	5	6	0.6
"MB-5124"	3	6	6	0.5
"MB-5126"	2	6	6	0.333333333333333
"MB-5127"	3	5	5	0.6
"MB-5130"	2	6	6	0.333333333333333
"MB-5134"	4	6	6	0.666666666666667
"MB-5135"	4	5	6	0.8
"MB-5138"	4	6	6	0.666666666666667
"MB-5139"	4	6	5	0.666666666666667
"MB-5143"	3	5	5	0.6
"MB-5144"	3	6	6	0.5
"MB-5145"	4	6	5	0.666666666666667
"MB-5148"	2	5	6	0.4
"MB-5150"	2	6	4	0.333333333333333
"MB-5152"	2	5	6	0.4
"MB-5154"	3	5	6	0.6
"MB-5155"	3	6	5	0.5
"MB-5160"	2	6	5	0.333333333333333
"MB-5161"	2	6	5	0.333333333333333
"MB-5162"	1	6	6	0.166666666666667
"MB-5163"	2	6	6	0.333333333333333
"MB-5166"	3	6	5	0.5
"MB-5167"	3	4	6	0.75
"MB-5171"	3	6	5	0.5
"MB-5173"	4	6	5	0.666666666666667
"MB-5174"	3	6	6	0.5
"MB-5175"	4	6	4	0.666666666666667
"MB-5177"	6	6	4	1
"MB-5178"	3	6	5	0.5
"MB-5179"	3	5	4	0.6
"MB-5182"	2	5	6	0.4
"MB-5183"	2	5	6	0.4
"MB-5184"	2	6	5	0.333333333333333
"MB-5185"	3	6	6	0.5
"MB-5188"	4	5	5	0.8
"MB-5189"	4	6	3	0.666666666666667
"MB-5191"	3	5	6	0.6
"MB-5193"	2	6	6	0.333333333333333
"MB-5195"	4	6	5	0.666666666666667
"MB-5196"	3	5	6	0.6
"MB-5197"	3	6	6	0.5
"MB-5199"	2	3	6	0.666666666666667
"MB-5200"	4	6	6	0.666666666666667
"MB-5201"	3	6	6	0.5
"MB-5204"	2	6	3	0.333333333333333
"MB-5205"	3	6	6	0.5
"MB-5206"	1	3	6	0.333333333333333
"MB-5208"	2	6	6	0.333333333333333
"MB-5211"	4	6	6	0.666666666666667
"MB-5212"	1	5	6	0.2
"MB-5213"	3	6	6	0.5
"MB-5214"	2	5	6	0.4
"MB-5215"	4	6	6	0.666666666666667
"MB-5218"	2	5	6	0.4
"MB-5221"	4	5	6	0.8
"MB-5222"	4	6	6	0.666666666666667
"MB-5223"	4	6	4	0.666666666666667
"MB-5224"	3	6	6	0.5
"MB-5226"	3	5	6	0.6
"MB-5227"	2	5	5	0.4
"MB-5228"	3	6	6	0.5
"MB-5230"	3	6	6	0.5
"MB-5231"	4	6	5	0.666666666666667
"MB-5232"	4	5	5	0.8
"MB-5233"	2	6	6	0.333333333333333
"MB-5236"	1	5	5	0.2
"MB-5238"	3	5	6	0.6
"MB-5239"	2	6	6	0.333333333333333
"MB-5240"	3	6	6	0.5
"MB-5243"	3	6	5	0.5
"MB-5244"	2	4	6	0.5
"MB-5251"	3	6	6	0.5
"MB-5253"	4	6	6	0.666666666666667
"MB-5256"	4	6	5	0.666666666666667
"MB-5258"	2	5	5	0.4
"MB-5259"	2	6	6	0.333333333333333
"MB-5260"	4	6	3	0.666666666666667
"MB-5261"	3	6	6	0.5
"MB-5264"	3	6	6	0.5
"MB-5266"	2	6	6	0.333333333333333
"MB-5267"	2	3	6	0.666666666666667
"MB-5268"	3	5	6	0.6
"MB-5270"	4	6	3	0.666666666666667
"MB-5271"	3	5	6	0.6
"MB-5273"	3	6	5	0.5
"MB-5275"	2	6	5	0.333333333333333
"MB-5277"	3	6	6	0.5
"MB-5278"	2	6	6	0.333333333333333
"MB-5279"	4	6	6	0.666666666666667
"MB-5280"	3	5	6	0.6
"MB-5281"	3	5	6	0.6
"MB-5284"	5	5	5	1
"MB-5287"	4	6	4	0.666666666666667
"MB-5288"	3	6	5	0.5
"MB-5289"	2	4	6	0.5
"MB-5290"	2	6	5	0.333333333333333
"MB-5291"	3	6	6	0.5
"MB-5292"	3	5	6	0.6
"MB-5293"	5	6	5	0.833333333333333
"MB-5294"	2	6	6	0.333333333333333
"MB-5295"	4	6	6	0.666666666666667
"MB-5296"	4	6	6	0.666666666666667
"MB-5298"	2	5	6	0.4
"MB-5299"	2	6	3	0.333333333333333
"MB-5300"	3	6	6	0.5
"MB-5301"	0	3	6	0
"MB-5305"	1	5	5	0.2
"MB-5306"	3	5	5	0.6
"MB-5310"	3	6	6	0.5
"MB-5311"	2	6	5	0.333333333333333
"MB-5312"	4	6	6	0.666666666666667
"MB-5313"	2	6	6	0.333333333333333
"MB-5315"	2	5	6	0.4
"MB-5317"	3	6	6	0.5
"MB-5318"	3	5	6	0.6
"MB-5323"	2	4	6	0.5
"MB-5327"	2	6	5	0.333333333333333
"MB-5328"	2	6	3	0.333333333333333
"MB-5329"	3	6	6	0.5
"MB-5330"	1	3	6	0.333333333333333
"MB-5331"	2	5	6	0.4
"MB-5334"	3	4	6	0.75
"MB-5335"	2	4	6	0.5
"MB-5338"	3	5	4	0.6
"MB-5339"	4	6	6	0.666666666666667
"MB-5341"	3	6	6	0.5
"MB-5345"	3	6	6	0.5
"MB-5347"	2	5	6	0.4
"MB-5348"	3	6	5	0.5
"MB-5350"	1	5	6	0.2
"MB-5358"	4	6	5	0.666666666666667
"MB-5360"	3	6	6	0.5
"MB-5361"	2	5	5	0.4
"MB-5364"	3	6	5	0.5
"MB-5366"	4	6	5	0.666666666666667
"MB-5369"	2	4	6	0.5
"MB-5370"	3	5	6	0.6
"MB-5373"	3	6	6	0.5
"MB-5377"	2	6	6	0.333333333333333
"MB-5378"	3	5	6	0.6
"MB-5382"	4	5	6	0.8
"MB-5383"	4	6	6	0.666666666666667
"MB-5384"	3	4	6	0.75
"MB-5386"	3	6	6	0.5
"MB-5388"	3	5	6	0.6
"MB-5389"	3	6	5	0.5
"MB-5390"	3	6	6	0.5
"MB-5393"	0	3	6	0
"MB-5394"	3	6	6	0.5
"MB-5395"	2	6	6	0.333333333333333
"MB-5396"	1	6	4	0.166666666666667
"MB-5397"	3	5	6	0.6
"MB-5398"	2	6	6	0.333333333333333
"MB-5399"	3	5	6	0.6
"MB-5401"	3	6	6	0.5
"MB-5402"	4	6	5	0.666666666666667
"MB-5403"	2	5	6	0.4
"MB-5404"	4	6	3	0.666666666666667
"MB-5405"	4	5	6	0.8
"MB-5406"	3	6	6	0.5
"MB-5407"	3	4	5	0.75
"MB-5408"	2	6	6	0.333333333333333
"MB-5409"	4	6	5	0.666666666666667
"MB-5410"	3	6	6	0.5
"MB-5411"	4	6	5	0.666666666666667
"MB-5412"	3	6	6	0.5
"MB-5414"	2	6	6	0.333333333333333
"MB-5418"	3	6	6	0.5
"MB-5420"	2	6	5	0.333333333333333
"MB-5421"	3	5	6	0.6
"MB-5422"	1	5	6	0.2
"MB-5424"	3	6	6	0.5
"MB-5425"	4	6	6	0.666666666666667
"MB-5426"	3	5	6	0.6
"MB-5427"	2	6	6	0.333333333333333
"MB-5428"	2	6	5	0.333333333333333
"MB-5429"	2	5	6	0.4
"MB-5431"	4	6	6	0.666666666666667
"MB-5432"	2	6	6	0.333333333333333
"MB-5433"	2	6	6	0.333333333333333
"MB-5435"	4	6	4	0.666666666666667
"MB-5440"	4	6	6	0.666666666666667
"MB-5441"	5	6	6	0.833333333333333
"MB-5442"	3	5	6	0.6
"MB-5444"	4	6	5	0.666666666666667
"MB-5446"	4	6	6	0.666666666666667
"MB-5447"	3	5	6	0.6
"MB-5450"	2	5	6	0.4
"MB-5452"	5	5	4	1
"MB-5454"	4	6	4	0.666666666666667
"MB-5455"	2	4	6	0.5
"MB-5460"	3	6	6	0.5
"MB-5463"	4	6	6	0.666666666666667
"MB-5464"	5	6	6	0.833333333333333
"MB-5465"	2	6	6	0.333333333333333
"MB-5468"	3	6	4	0.5
"MB-5470"	3	6	6	0.5
"MB-5471"	2	5	5	0.4
"MB-5472"	3	6	6	0.5
"MB-5473"	3	6	5	0.5
"MB-5475"	3	5	6	0.6
"MB-5477"	3	5	6	0.6
"MB-5481"	2	4	6	0.5
"MB-5482"	3	6	6	0.5
"MB-5484"	2	6	3	0.333333333333333
"MB-5485"	4	6	6	0.666666666666667
"MB-5489"	2	6	3	0.333333333333333
"MB-5490"	3	6	6	0.5
"MB-5491"	4	6	4	0.666666666666667
"MB-5492"	5	6	6	0.833333333333333
"MB-5493"	3	5	6	0.6
"MB-5497"	2	5	6	0.4
"MB-5498"	4	6	5	0.666666666666667
"MB-5499"	3	6	6	0.5
"MB-5502"	2	4	6	0.5
"MB-5505"	4	6	6	0.666666666666667
"MB-5510"	2	5	6	0.4
"MB-5513"	3	6	6	0.5
"MB-5514"	4	6	6	0.666666666666667
"MB-5518"	4	5	6	0.8
"MB-5520"	1	6	5	0.166666666666667
"MB-5521"	2	5	6	0.4
"MB-5527"	2	6	5	0.333333333333333
"MB-5529"	2	4	6	0.5
"MB-5531"	4	6	6	0.666666666666667
"MB-5532"	4	6	6	0.666666666666667
"MB-5533"	3	6	6	0.5
"MB-5534"	2	6	5	0.333333333333333
"MB-5535"	2	5	6	0.4
"MB-5540"	2	6	3	0.333333333333333
"MB-5541"	2	6	4	0.333333333333333
"MB-5543"	4	6	5	0.666666666666667
"MB-5546"	2	6	4	0.333333333333333
"MB-5547"	4	6	6	0.666666666666667
"MB-5548"	3	6	6	0.5
"MB-5550"	1	4	6	0.25
"MB-5551"	2	6	3	0.333333333333333
"MB-5552"	3	6	6	0.5
"MB-5553"	2	6	6	0.333333333333333
"MB-5554"	2	6	5	0.333333333333333
"MB-5556"	3	5	6	0.6
"MB-5559"	3	6	6	0.5
"MB-5560"	1	5	6	0.2
"MB-5562"	3	6	6	0.5
"MB-5563"	3	6	6	0.5
"MB-5565"	2	6	6	0.333333333333333
"MB-5566"	2	6	6	0.333333333333333
"MB-5567"	3	5	6	0.6
"MB-5571"	1	5	5	0.2
"MB-5572"	3	6	6	0.5
"MB-5575"	4	6	4	0.666666666666667
"MB-5576"	4	6	4	0.666666666666667
"MB-5577"	4	6	5	0.666666666666667
"MB-5580"	3	5	6	0.6
"MB-5582"	4	6	5	0.666666666666667
"MB-5583"	4	6	5	0.666666666666667
"MB-5584"	3	6	6	0.5
"MB-5585"	4	6	4	0.666666666666667
"MB-5588"	3	5	6	0.6
"MB-5589"	3	6	5	0.5
"MB-5592"	2	5	6	0.4
"MB-5599"	3	5	6	0.6
"MB-5601"	3	6	6	0.5
"MB-5602"	3	5	6	0.6
"MB-5603"	2	6	6	0.333333333333333
"MB-5604"	3	5	6	0.6
"MB-5613"	1	5	5	0.2
"MB-5614"	4	6	6	0.666666666666667
"MB-5616"	4	6	6	0.666666666666667
"MB-5617"	3	6	6	0.5
"MB-5620"	4	5	6	0.8
"MB-5622"	1	4	6	0.25
"MB-5623"	3	5	5	0.6
"MB-5625"	3	6	4	0.5
"MB-5626"	2	4	6	0.5
"MB-5629"	2	5	5	0.4
"MB-5632"	2	6	3	0.333333333333333
"MB-5634"	3	6	6	0.5
"MB-5635"	3	6	6	0.5
"MB-5636"	2	5	6	0.4
"MB-5638"	3	6	5	0.5
"MB-5642"	2	6	6	0.333333333333333
"MB-5646"	3	5	6	0.6
"MB-5647"	2	6	6	0.333333333333333
"MB-5648"	3	6	4	0.5
"MB-5651"	3	6	5	0.5
"MB-5652"	2	5	6	0.4
"MB-5653"	3	5	6	0.6
"MB-5655"	2	4	6	0.5
"MB-5656"	2	5	6	0.4
"MB-6001"	4	6	6	0.666666666666667
"MB-6007"	4	6	6	0.666666666666667
"MB-6008"	3	6	6	0.5
"MB-6011"	3	5	5	0.6
"MB-6012"	0	5	5	0
"MB-6016"	1	4	5	0.25
"MB-6017"	2	5	6	0.4
"MB-6018"	2	6	6	0.333333333333333
"MB-6019"	2	6	5	0.333333333333333
"MB-6020"	3	6	6	0.5
"MB-6022"	4	6	6	0.666666666666667
"MB-6023"	3	6	6	0.5
"MB-6026"	4	6	5	0.666666666666667
"MB-6029"	4	5	6	0.8
"MB-6030"	3	6	6	0.5
"MB-6036"	4	5	6	0.8
"MB-6039"	4	5	5	0.8
"MB-6042"	4	6	6	0.666666666666667
"MB-6044"	1	3	6	0.333333333333333
"MB-6047"	2	4	3	0.5
"MB-6048"	3	5	5	0.6
"MB-6050"	3	6	6	0.5
"MB-6051"	2	5	6	0.4
"MB-6053"	3	5	6	0.6
"MB-6059"	3	6	6	0.5
"MB-6062"	2	4	6	0.5
"MB-6063"	3	5	6	0.6
"MB-6065"	4	6	6	0.666666666666667
"MB-6068"	3	6	6	0.5
"MB-6069"	2	6	3	0.333333333333333
"MB-6071"	2	3	6	0.666666666666667
"MB-6075"	3	6	5	0.5
"MB-6077"	4	6	6	0.666666666666667
"MB-6079"	2	6	3	0.333333333333333
"MB-6080"	4	5	6	0.8
"MB-6083"	4	6	6	0.666666666666667
"MB-6085"	3	6	6	0.5
"MB-6097"	3	5	4	0.6
"MB-6098"	2	6	6	0.333333333333333
"MB-6100"	3	6	6	0.5
"MB-6101"	2	6	3	0.333333333333333
"MB-6103"	4	6	6	0.666666666666667
"MB-6105"	3	6	6	0.5
"MB-6107"	3	6	5	0.5
"MB-6108"	4	6	6	0.666666666666667
"MB-6113"	3	6	5	0.5
"MB-6114"	2	5	6	0.4
"MB-6122"	3	6	6	0.5
"MB-6124"	2	6	6	0.333333333333333
"MB-6125"	2	5	6	0.4
"MB-6131"	3	4	5	0.75
"MB-6133"	2	3	6	0.666666666666667
"MB-6135"	2	6	6	0.333333333333333
"MB-6138"	3	6	6	0.5
"MB-6141"	3	6	6	0.5
"MB-6143"	2	6	4	0.333333333333333
"MB-6144"	2	4	6	0.5
"MB-6145"	2	4	6	0.5
"MB-6146"	4	6	4	0.666666666666667
"MB-6147"	3	5	6	0.6
"MB-6149"	3	4	6	0.75
"MB-6150"	4	6	6	0.666666666666667
"MB-6154"	3	4	6	0.75
"MB-6156"	3	6	6	0.5
"MB-6157"	3	6	6	0.5
"MB-6160"	3	6	6	0.5
"MB-6163"	4	6	6	0.666666666666667
"MB-6167"	0	4	3	0
"MB-6169"	2	6	3	0.333333333333333
"MB-6171"	2	5	6	0.4
"MB-6178"	3	6	6	0.5
"MB-6179"	4	6	6	0.666666666666667
"MB-6181"	2	4	4	0.5
"MB-6182"	3	6	6	0.5
"MB-6183"	3	5	6	0.6
"MB-6185"	2	4	6	0.5
"MB-6187"	3	6	6	0.5
"MB-6188"	4	6	4	0.666666666666667
"MB-6189"	2	6	6	0.333333333333333
"MB-6190"	3	4	6	0.75
"MB-6192"	2	6	5	0.333333333333333
"MB-6194"	3	5	6	0.6
"MB-6195"	2	5	6	0.4
"MB-6200"	3	6	6	0.5
"MB-6201"	3	5	6	0.6
"MB-6204"	5	6	6	0.833333333333333
"MB-6206"	2	4	6	0.5
"MB-6207"	3	6	6	0.5
"MB-6208"	4	6	6	0.666666666666667
"MB-6211"	2	5	5	0.4
"MB-6212"	2	4	6	0.5
"MB-6213"	2	4	6	0.5
"MB-6214"	4	5	5	0.8
"MB-6217"	2	4	6	0.5
"MB-6223"	1	3	6	0.333333333333333
"MB-6224"	3	5	6	0.6
"MB-6226"	2	6	5	0.333333333333333
"MB-6230"	4	6	5	0.666666666666667
"MB-6231"	3	6	6	0.5
"MB-6232"	3	6	6	0.5
"MB-6233"	3	6	6	0.5
"MB-6234"	3	6	6	0.5
"MB-6237"	4	6	6	0.666666666666667
"MB-6239"	1	6	6	0.166666666666667
"MB-6245"	2	4	3	0.5
"MB-6246"	4	6	5	0.666666666666667
"MB-6251"	3	6	6	0.5
"MB-6253"	3	6	6	0.5
"MB-6254"	1	5	6	0.2
"MB-6256"	2	5	6	0.4
"MB-6257"	2	6	3	0.333333333333333
"MB-6263"	4	6	5	0.666666666666667
"MB-6271"	2	5	6	0.4
"MB-6272"	1	2	6	0.5
"MB-6273"	1	5	6	0.2
"MB-6280"	3	6	6	0.5
"MB-6281"	3	6	4	0.5
"MB-6283"	2	5	6	0.4
"MB-6284"	4	6	6	0.666666666666667
"MB-6286"	2	3	6	0.666666666666667
"MB-6288"	4	6	6	0.666666666666667
"MB-6297"	3	6	6	0.5
"MB-6300"	4	6	6	0.666666666666667
"MB-6302"	3	6	5	0.5
"MB-6306"	2	5	6	0.4
"MB-6308"	2	5	6	0.4
"MB-6312"	1	2	6	0.5
"MB-6314"	1	5	6	0.2
"MB-6317"	5	6	6	0.833333333333333
"MB-6318"	2	6	6	0.333333333333333
"MB-6319"	2	4	6	0.5
"MB-6322"	2	6	6	0.333333333333333
"MB-6327"	3	4	6	0.75
"MB-6328"	3	6	4	0.5
"MB-6329"	3	6	5	0.5
"MB-6330"	3	6	6	0.5
"MB-6336"	3	6	5	0.5
"MB-6344"	4	6	3	0.666666666666667
"MB-6346"	2	4	4	0.5
"MB-6358"	2	6	6	0.333333333333333
"MB-6359"	2	5	6	0.4
"MB-6363"	2	4	6	0.5
"MB-7000"	3	6	6	0.5
"MB-7001"	4	6	6	0.666666666666667
"MB-7002"	2	6	6	0.333333333333333
"MB-7003"	4	5	5	0.8
"MB-7004"	3	6	6	0.5
"MB-7005"	4	6	6	0.666666666666667
"MB-7006"	4	5	5	0.8
"MB-7007"	2	5	6	0.4
"MB-7009"	3	4	6	0.75
"MB-7010"	4	6	4	0.666666666666667
"MB-7011"	4	6	6	0.666666666666667
"MB-7012"	3	6	6	0.5
"MB-7013"	3	4	6	0.75
"MB-7015"	2	6	6	0.333333333333333
"MB-7018"	4	6	5	0.666666666666667
"MB-7022"	4	5	6	0.8
"MB-7024"	4	6	6	0.666666666666667
"MB-7025"	2	5	6	0.4
"MB-7027"	2	6	4	0.333333333333333
"MB-7028"	4	6	3	0.666666666666667
"MB-7029"	3	6	5	0.5
"MB-7030"	4	6	6	0.666666666666667
"MB-7031"	3	6	6	0.5
"MB-7032"	3	6	6	0.5
"MB-7034"	3	6	6	0.5
"MB-7035"	2	5	6	0.4
"MB-7036"	3	5	6	0.6
"MB-7037"	2	5	6	0.4
"MB-7039"	3	5	6	0.6
"MB-7042"	4	6	6	0.666666666666667
"MB-7043"	1	6	6	0.166666666666667
"MB-7044"	1	4	6	0.25
"MB-7045"	2	5	6	0.4
"MB-7046"	4	6	6	0.666666666666667
"MB-7048"	2	5	6	0.4
"MB-7049"	2	5	6	0.4
"MB-7050"	2	6	3	0.333333333333333
"MB-7051"	4	6	3	0.666666666666667
"MB-7052"	2	3	6	0.666666666666667
"MB-7053"	4	6	6	0.666666666666667
"MB-7054"	2	6	6	0.333333333333333
"MB-7055"	2	6	6	0.333333333333333
"MB-7057"	4	5	5	0.8
"MB-7058"	3	6	6	0.5
"MB-7059"	2	5	6	0.4
"MB-7060"	2	4	6	0.5
"MB-7061"	3	5	6	0.6
"MB-7062"	2	5	6	0.4
"MB-7063"	2	5	6	0.4
"MB-7065"	2	5	6	0.4
"MB-7066"	2	6	6	0.333333333333333
"MB-7067"	3	6	6	0.5
"MB-7068"	2	4	6	0.5
"MB-7070"	2	6	4	0.333333333333333
"MB-7073"	0	4	5	0
"MB-7074"	3	6	6	0.5
"MB-7075"	2	3	6	0.666666666666667
"MB-7076"	2	6	6	0.333333333333333
"MB-7078"	2	5	6	0.4
"MB-7079"	2	6	5	0.333333333333333
"MB-7080"	2	6	6	0.333333333333333
"MB-7081"	2	5	6	0.4
"MB-7082"	4	6	5	0.666666666666667
"MB-7083"	2	5	6	0.4
"MB-7084"	2	6	3	0.333333333333333
"MB-7085"	4	6	6	0.666666666666667
"MB-7086"	1	4	6	0.25
"MB-7087"	3	6	6	0.5
"MB-7088"	1	4	6	0.25
"MB-7089"	3	6	5	0.5
"MB-7090"	3	6	6	0.5
"MB-7092"	4	6	6	0.666666666666667
"MB-7093"	4	6	6	0.666666666666667
"MB-7094"	2	6	3	0.333333333333333
"MB-7095"	3	5	6	0.6
"MB-7096"	2	5	6	0.4
"MB-7097"	3	6	6	0.5
"MB-7099"	2	5	5	0.4
"MB-7100"	3	6	6	0.5
"MB-7101"	4	6	5	0.666666666666667
"MB-7102"	2	6	6	0.333333333333333
"MB-7104"	3	6	6	0.5
"MB-7106"	4	6	6	0.666666666666667
"MB-7107"	4	6	6	0.666666666666667
"MB-7109"	3	5	6	0.6
"MB-7111"	3	6	6	0.5
"MB-7112"	3	6	6	0.5
"MB-7113"	4	6	5	0.666666666666667
"MB-7114"	3	6	6	0.5
"MB-7115"	4	6	6	0.666666666666667
"MB-7116"	4	6	6	0.666666666666667
"MB-7118"	3	5	6	0.6
"MB-7119"	2	6	3	0.333333333333333
"MB-7121"	3	6	6	0.5
"MB-7122"	3	5	6	0.6
"MB-7124"	4	6	5	0.666666666666667
"MB-7127"	3	5	6	0.6
"MB-7128"	4	6	6	0.666666666666667
"MB-7131"	4	6	4	0.666666666666667
"MB-7132"	3	5	6	0.6
"MB-7133"	4	6	6	0.666666666666667
"MB-7135"	4	6	6	0.666666666666667
"MB-7137"	3	6	5	0.5
"MB-7140"	4	6	6	0.666666666666667
"MB-7141"	4	6	5	0.666666666666667
"MB-7142"	4	6	5	0.666666666666667
"MB-7143"	2	6	6	0.333333333333333
"MB-7144"	2	6	3	0.333333333333333
"MB-7145"	3	5	6	0.6
"MB-7147"	4	6	3	0.666666666666667
"MB-7148"	3	6	6	0.5
"MB-7149"	4	6	3	0.666666666666667
"MB-7151"	3	6	5	0.5
"MB-7152"	2	6	6	0.333333333333333
"MB-7153"	1	6	4	0.166666666666667
"MB-7154"	3	5	5	0.6
"MB-7155"	3	6	5	0.5
"MB-7157"	4	6	6	0.666666666666667
"MB-7158"	4	6	3	0.666666666666667
"MB-7159"	4	6	6	0.666666666666667
"MB-7160"	3	5	6	0.6
"MB-7161"	2	6	6	0.333333333333333
"MB-7162"	3	5	6	0.6
"MB-7163"	3	6	6	0.5
"MB-7164"	3	5	6	0.6
"MB-7165"	4	6	5	0.666666666666667
"MB-7167"	2	5	6	0.4
"MB-7168"	3	5	6	0.6
"MB-7171"	2	5	6	0.4
"MB-7172"	3	5	6	0.6
"MB-7173"	3	6	5	0.5
"MB-7174"	3	5	5	0.6
"MB-7176"	3	5	6	0.6
"MB-7181"	4	6	6	0.666666666666667
"MB-7182"	3	6	4	0.5
"MB-7185"	4	5	5	0.8
"MB-7187"	3	5	6	0.6
"MB-7188"	4	5	5	0.8
"MB-7189"	4	6	6	0.666666666666667
"MB-7193"	4	5	6	0.8
"MB-7194"	2	5	6	0.4
"MB-7195"	3	6	6	0.5
"MB-7196"	1	3	6	0.333333333333333
"MB-7197"	4	6	6	0.666666666666667
"MB-7198"	3	6	6	0.5
"MB-7199"	2	6	6	0.333333333333333
"MB-7200"	1	5	6	0.2
"MB-7201"	2	6	6	0.333333333333333
"MB-7207"	2	4	6	0.5
"MB-7208"	3	5	6	0.6
"MB-7215"	3	5	6	0.6
"MB-7216"	3	6	6	0.5
"MB-7217"	3	6	5	0.5
"MB-7218"	3	6	4	0.5
"MB-7219"	3	5	6	0.6
"MB-7220"	3	6	6	0.5
"MB-7226"	3	6	6	0.5
"MB-7227"	4	5	6	0.8
"MB-7228"	4	5	6	0.8
"MB-7230"	4	5	6	0.8
"MB-7231"	3	5	5	0.6
"MB-7232"	2	6	3	0.333333333333333
"MB-7233"	3	5	6	0.6
"MB-7234"	1	3	6	0.333333333333333
"MB-7236"	2	6	3	0.333333333333333
"MB-7237"	2	4	5	0.5
"MB-7238"	2	6	4	0.333333333333333
"MB-7241"	3	6	6	0.5
"MB-7243"	3	6	6	0.5
"MB-7244"	2	5	6	0.4
"MB-7249"	4	5	6	0.8
"MB-7250"	2	5	6	0.4
"MB-7251"	3	5	6	0.6
"MB-7252"	3	5	6	0.6
"MB-7253"	1	4	6	0.25
"MB-7254"	3	6	6	0.5
"MB-7256"	3	5	6	0.6
"MB-7258"	4	6	6	0.666666666666667
"MB-7260"	4	6	4	0.666666666666667
"MB-7262"	3	6	6	0.5
"MB-7263"	3	6	6	0.5
"MB-7264"	2	4	6	0.5
"MB-7266"	3	5	6	0.6
"MB-7267"	3	6	6	0.5
"MB-7268"	2	6	6	0.333333333333333
"MB-7269"	3	6	6	0.5
"MB-7273"	3	5	6	0.6
"MB-7275"	4	6	6	0.666666666666667
"MB-7276"	2	3	6	0.666666666666667
"MB-7277"	3	6	6	0.5
"MB-7278"	4	6	5	0.666666666666667
"MB-7279"	4	6	6	0.666666666666667
"MB-7280"	2	6	3	0.333333333333333
"MB-7281"	2	6	6	0.333333333333333
"MB-7283"	3	6	6	0.5
"MB-7284"	2	4	6	0.5
"MB-7285"	2	6	6	0.333333333333333
"MB-7287"	2	5	6	0.4
"MB-7288"	3	5	6	0.6
"MB-7289"	3	5	6	0.6
"MB-7291"	3	6	6	0.5
"MB-7292"	4	6	5	0.666666666666667
"MB-7293"	3	6	5	0.5
"MB-7294"	2	6	3	0.333333333333333
"MB-7296"	3	6	6	0.5
"MB-7297"	3	5	5	0.6
"MB-7298"	4	6	4	0.666666666666667
"MB-7299"	4	6	5	0.666666666666667
