 hla	correct	total	accuracy
A*25:01	30	30	1
A*30:02	22	22	1
A*69:01	2	2	1
A*80:01	2	2	1
A*02:01	446	453	0.984547461368653
A*32:01	59	60	0.983333333333333
A*31:01	37	38	0.973684210526316
A*23:01	65	67	0.970149253731343
A*24:02	160	165	0.96969696969697
A*01:01	222	229	0.96943231441048
A*33:01	28	29	0.96551724137931
A*29:02	52	54	0.962962962962963
A*30:01	42	44	0.954545454545455
A*29:01	17	18	0.944444444444444
A*11:01	134	145	0.924137931034483
A*03:01	236	258	0.914728682170543
A*68:01	58	64	0.90625
A*68:02	34	38	0.894736842105263
A*02:05	22	25	0.88
A*33:03	33	38	0.868421052631579
A*66:01	8	12	0.666666666666667
A*26:01	43	69	0.623188405797101
A*03:02	3	6	0.5
A*30:04	4	11	0.363636363636364
A*02:06	1	11	0.0909090909090909
B*13:02	40	40	1
B*14:02	50	50	1
B*37:01	15	15	1
B*40:02	29	29	1
B*45:01	18	18	1
B*47:01	3	3	1
B*51:08	2	2	1
B*56:01	1	1	1
B*57:01	44	45	0.977777777777778
B*40:01	66	68	0.970588235294118
B*49:01	33	34	0.970588235294118
B*44:02	127	132	0.962121212121212
B*15:01	100	104	0.961538461538462
B*58:01	34	36	0.944444444444444
B*07:05	14	15	0.933333333333333
B*08:01	139	151	0.920529801324503
B*35:03	30	33	0.909090909090909
B*51:01	85	94	0.904255319148936
B*07:02	231	257	0.898832684824903
B*38:01	26	29	0.896551724137931
B*18:01	75	84	0.892857142857143
B*15:10	8	9	0.888888888888889
B*53:01	37	42	0.880952380952381
B*15:03	21	24	0.875
B*27:05	46	53	0.867924528301887
B*50:01	12	14	0.857142857142857
B*44:03	77	92	0.83695652173913
B*35:02	10	12	0.833333333333333
B*14:01	9	11	0.818181818181818
B*39:06	7	9	0.777777777777778
B*41:02	7	9	0.777777777777778
B*35:01	107	147	0.727891156462585
B*15:17	5	7	0.714285714285714
B*52:01	24	34	0.705882352941177
B*39:01	17	27	0.62962962962963
B*41:01	8	13	0.615384615384615
B*35:08	4	7	0.571428571428571
B*55:01	23	41	0.560975609756098
B*15:18	1	4	0.25
B*44:05	1	8	0.125
B*57:03	1	13	0.0769230769230769
B*27:02	1	25	0.04
C*05:01	129	129	1
C*14:02	32	32	1
C*15:05	18	18	1
C*16:02	13	13	1
C*04:01	254	256	0.9921875
C*02:02	81	82	0.98780487804878
C*01:02	75	76	0.986842105263158
C*16:01	74	75	0.986666666666667
C*06:02	147	149	0.986577181208054
C*08:02	58	59	0.983050847457627
C*03:04	128	131	0.977099236641221
C*07:02	263	271	0.970479704797048
C*12:03	79	84	0.94047619047619
C*03:03	79	85	0.929411764705882
C*15:02	39	42	0.928571428571429
C*02:10	20	22	0.909090909090909
C*07:04	28	31	0.903225806451613
C*07:01	215	240	0.895833333333333
C*03:02	20	24	0.833333333333333
C*17:01	28	41	0.682926829268293
C*16:04	2	3	0.666666666666667
C*07:18	9	15	0.6
C*12:02	26	51	0.509803921568627
