sample	nref	nalt	tref	talt	normal_ratio	tumor_ratio	index
TCGA-A8-A08J	35	32	560	44	0.477611940298507	0.0728476821192053	1
TCGA-AR-A24R	43	39	122	10	0.475609756097561	0.0757575757575758	2
TCGA-A2-A1FW	29	34	972	88	0.53968253968254	0.0830188679245283	3
TCGA-AR-A250	35	28	454	59	0.444444444444444	0.115009746588694	4
TCGA-AR-A0TQ	48	47	392	55	0.494736842105263	0.123042505592841	5
TCGA-D8-A27N	34	42	277	41	0.552631578947368	0.128930817610063	6
TCGA-E9-A1NA	40	33	110	18	0.452054794520548	0.140625	7
TCGA-AN-A0FD	19	30	203	35	0.612244897959184	0.147058823529412	8
TCGA-AN-A04A	48	42	122	38	0.466666666666667	0.2375	9
TCGA-BH-A0B4	47	38	139	51	0.447058823529412	0.268421052631579	10
TCGA-A8-A06U	31	20	72	31	0.392156862745098	0.300970873786408	11
TCGA-A8-A09M	28	32	126	58	0.533333333333333	0.315217391304348	12
TCGA-AN-A0AM	35	20	48	27	0.363636363636364	0.36	13
TCGA-A7-A13F	167	154	215	130	0.479750778816199	0.376811594202899	14
TCGA-A2-A04Y	39	43	47	37	0.524390243902439	0.44047619047619	15
TCGA-E9-A1RH	47	43	61	53	0.477777777777778	0.464912280701754	16
TCGA-AR-A24H	65	79	50	44	0.548611111111111	0.468085106382979	17
TCGA-BH-A0HX	36	31	56	57	0.462686567164179	0.504424778761062	18
TCGA-E9-A5UO	49	31	29	46	0.3875	0.613333333333333	19
TCGA-BH-A0C0	37	22	34	56	0.372881355932203	0.622222222222222	20
TCGA-BH-A0C7	77	64	88	152	0.453900709219858	0.633333333333333	21
TCGA-A8-A06X	29	26	66	129	0.472727272727273	0.661538461538462	22
TCGA-E2-A14T	138	126	135	279	0.477272727272727	0.673913043478261	23
TCGA-BH-A0DZ	27	37	46	154	0.578125	0.77	24
TCGA-A8-A08F	30	36	26	95	0.545454545454545	0.785123966942149	25
TCGA-EW-A2FV	72	57	78	418	0.441860465116279	0.842741935483871	26
